{
    "_id_": "t=euclidean+d=7+c=3+n=05+v=3+o=100+r=00",
    "meta": {
        "t": "euclidean",
        "d": 7,
        "c": 3,
        "n": 5,
        "v": 3,
        "o": 100,
        "r": 0
    },
    "num_carriers": 3,
    "max_vehicle_load": 999999999,
    "max_tour_distance": 999999999,
    "max_tour_duration": 999999999,
    "carriers_max_num_tours": 3,
    "requests": [
        0,
        1,
        2,
        3,
        4,
        5,
        6,
        7,
        8,
        9,
        10,
        11,
        12,
        13,
        14
    ],
    "num_requests": 15,
    "num_requests_per_carrier": 5,
    "vertex_x_coords": [
        19.5,
        9.000000000000002,
        8.999999999999996,
        3.841533898808322,
        12.64910786245664,
        19.18952192560764,
        19.939913159130857,
        6.173733401407808,
        8.456888401711266,
        1.975369533684268,
        9.943617541140204,
        7.63560750872985,
        18.51166723116185,
        21.375347734582235,
        21.681838082038308,
        22.91688096310072,
        6.300831453876316,
        5.57744262943195
    ],
    "vertex_y_coords": [
        12.5,
        18.562177826491073,
        6.4378221735089305,
        4.23258252397419,
        16.45297183634378,
        2.7306864720213846,
        24.218647673628503,
        4.9378457275161995,
        17.885430786313336,
        10.400256449948596,
        23.471282554239657,
        15.224108533999225,
        1.9463046539910795,
        12.97410370929534,
        11.443115953370864,
        22.939085958753566,
        2.7743479782500247,
        11.312629845091571
    ],
    "request_to_carrier_assignment": [
        0,
        0,
        0,
        0,
        0,
        1,
        1,
        1,
        1,
        1,
        2,
        2,
        2,
        2,
        2
    ],
    "request_disclosure_time": [
        "0001-01-01T00:00:00",
        "0001-01-01T06:48:00",
        "0001-01-01T13:36:00",
        "0001-01-01T20:24:00",
        "0001-01-02T03:12:00",
        "0001-01-01T00:00:00",
        "0001-01-01T06:48:00",
        "0001-01-01T13:36:00",
        "0001-01-01T20:24:00",
        "0001-01-02T03:12:00",
        "0001-01-01T00:00:00",
        "0001-01-01T06:48:00",
        "0001-01-01T13:36:00",
        "0001-01-01T20:24:00",
        "0001-01-02T03:12:00"
    ],
    "vertex_revenue": [
        0,
        0,
        0,
        1,
        1,
        1,
        1,
        1,
        1,
        1,
        1,
        1,
        1,
        1,
        1,
        1,
        1,
        1
    ],
    "vertex_load": [
        0,
        0,
        0,
        1,
        1,
        1,
        1,
        1,
        1,
        1,
        1,
        1,
        1,
        1,
        1,
        1,
        1,
        1
    ],
    "vertex_service_duration": [
        0,
        0,
        0,
        240.0,
        240.0,
        240.0,
        240.0,
        240.0,
        240.0,
        240.0,
        240.0,
        240.0,
        240.0,
        240.0,
        240.0,
        240.0,
        240.0,
        240.0
    ],
    "tw_open": [
        "0001-01-02T10:00:00",
        "0001-01-02T10:00:00",
        "0001-01-02T10:00:00",
        "0001-01-02T10:00:00",
        "0001-01-02T10:00:00",
        "0001-01-02T10:00:00",
        "0001-01-02T10:00:00",
        "0001-01-02T10:00:00",
        "0001-01-02T10:00:00",
        "0001-01-02T10:00:00",
        "0001-01-02T10:00:00",
        "0001-01-02T10:00:00",
        "0001-01-02T10:00:00",
        "0001-01-02T10:00:00",
        "0001-01-02T10:00:00",
        "0001-01-02T10:00:00",
        "0001-01-02T10:00:00",
        "0001-01-02T10:00:00"
    ],
    "tw_close": [
        "0001-01-02T18:00:00",
        "0001-01-02T18:00:00",
        "0001-01-02T18:00:00",
        "0001-01-02T18:00:00",
        "0001-01-02T18:00:00",
        "0001-01-02T18:00:00",
        "0001-01-02T18:00:00",
        "0001-01-02T18:00:00",
        "0001-01-02T18:00:00",
        "0001-01-02T18:00:00",
        "0001-01-02T18:00:00",
        "0001-01-02T18:00:00",
        "0001-01-02T18:00:00",
        "0001-01-02T18:00:00",
        "0001-01-02T18:00:00",
        "0001-01-02T18:00:00",
        "0001-01-02T18:00:00",
        "0001-01-02T18:00:00"
    ],
    "_travel_duration_matrix": [
        [
            0.0,
            1455.0,
            1455.0,
            2125.0,
            950.0,
            1173.0,
            1408.0,
            1839.0,
            1475.0,
            2118.0,
            1746.0,
            1461.0,
            1272.0,
            233.0,
            291.0,
            1319.0,
            1968.0,
            1677.0
        ],
        [
            1455.0,
            0.0,
            1455.0,
            1828.0,
            506.0,
            2260.0,
            1478.0,
            1670.0,
            105.0,
            1293.0,
            600.0,
            433.0,
            2298.0,
            1630.0,
            1746.0,
            1751.0,
            1923.0,
            963.0
        ],
        [
            1455.0,
            1455.0,
            0.0,
            674.0,
            1280.0,
            1302.0,
            2506.0,
            384.0,
            1376.0,
            968.0,
            2048.0,
            1067.0,
            1263.0,
            1680.0,
            1637.0,
            2591.0,
            547.0,
            715.0
        ],
        [
            2125.0,
            1828.0,
            674.0,
            0.0,
            1808.0,
            1851.0,
            3080.0,
            293.0,
            1730.0,
            774.0,
            2422.0,
            1396.0,
            1782.0,
            2352.0,
            2310.0,
            3207.0,
            344.0,
            875.0
        ],
        [
            950.0,
            506.0,
            1280.0,
            1808.0,
            0.0,
            1825.0,
            1279.0,
            1586.0,
            532.0,
            1473.0,
            903.0,
            620.0,
            1878.0,
            1128.0,
            1240.0,
            1458.0,
            1810.0,
            1050.0
        ],
        [
            1173.0,
            2260.0,
            1302.0,
            1851.0,
            1825.0,
            0.0,
            2581.0,
            1585.0,
            2229.0,
            2262.0,
            2725.0,
            2043.0,
            125.0,
            1257.0,
            1088.0,
            2466.0,
            1547.0,
            1931.0
        ],
        [
            1408.0,
            1478.0,
            2506.0,
            3080.0,
            1279.0,
            2581.0,
            0.0,
            2843.0,
            1574.0,
            2720.0,
            1203.0,
            1829.0,
            2679.0,
            1361.0,
            1548.0,
            389.0,
            3050.0,
            2318.0
        ],
        [
            1839.0,
            1670.0,
            384.0,
            293.0,
            1586.0,
            1585.0,
            2843.0,
            0.0,
            1578.0,
            827.0,
            2270.0,
            1247.0,
            1524.0,
            2064.0,
            2019.0,
            2951.0,
            261.0,
            769.0
        ],
        [
            1475.0,
            105.0,
            1376.0,
            1730.0,
            532.0,
            2229.0,
            1574.0,
            1578.0,
            0.0,
            1189.0,
            694.0,
            335.0,
            2262.0,
            1659.0,
            1766.0,
            1839.0,
            1832.0,
            862.0
        ],
        [
            2118.0,
            1293.0,
            968.0,
            774.0,
            1473.0,
            2262.0,
            2720.0,
            827.0,
            1189.0,
            0.0,
            1837.0,
            893.0,
            2229.0,
            2349.0,
            2369.0,
            2930.0,
            1053.0,
            446.0
        ],
        [
            1746.0,
            600.0,
            2048.0,
            2422.0,
            903.0,
            2725.0,
            1203.0,
            2270.0,
            694.0,
            1837.0,
            0.0,
            1028.0,
            2781.0,
            1863.0,
            2017.0,
            1559.0,
            2522.0,
            1551.0
        ],
        [
            1461.0,
            433.0,
            1067.0,
            1396.0,
            620.0,
            2043.0,
            1829.0,
            1247.0,
            335.0,
            893.0,
            1028.0,
            0.0,
            2060.0,
            1671.0,
            1746.0,
            2055.0,
            1503.0,
            531.0
        ],
        [
            1272.0,
            2298.0,
            1263.0,
            1782.0,
            1878.0,
            125.0,
            2679.0,
            1524.0,
            2262.0,
            2229.0,
            2781.0,
            2060.0,
            0.0,
            1368.0,
            1202.0,
            2575.0,
            1469.0,
            1917.0
        ],
        [
            233.0,
            1630.0,
            1680.0,
            2352.0,
            1128.0,
            1257.0,
            1361.0,
            2064.0,
            1659.0,
            2349.0,
            1863.0,
            1671.0,
            1368.0,
            0.0,
            188.0,
            1211.0,
            2185.0,
            1907.0
        ],
        [
            291.0,
            1746.0,
            1637.0,
            2310.0,
            1240.0,
            1088.0,
            1548.0,
            2019.0,
            1766.0,
            2369.0,
            2017.0,
            1746.0,
            1202.0,
            188.0,
            0.0,
            1388.0,
            2119.0,
            1933.0
        ],
        [
            1319.0,
            1751.0,
            2591.0,
            3207.0,
            1458.0,
            2466.0,
            389.0,
            2951.0,
            1839.0,
            2930.0,
            1559.0,
            2055.0,
            2575.0,
            1211.0,
            1388.0,
            0.0,
            3136.0,
            2506.0
        ],
        [
            1968.0,
            1923.0,
            547.0,
            344.0,
            1810.0,
            1547.0,
            3050.0,
            261.0,
            1832.0,
            1053.0,
            2522.0,
            1503.0,
            1469.0,
            2185.0,
            2119.0,
            3136.0,
            0.0,
            1029.0
        ],
        [
            1677.0,
            963.0,
            715.0,
            875.0,
            1050.0,
            1931.0,
            2318.0,
            769.0,
            862.0,
            446.0,
            1551.0,
            531.0,
            1917.0,
            1907.0,
            1933.0,
            2506.0,
            1029.0,
            0.0
        ]
    ],
    "_travel_distance_matrix": [
        [
            0,
            13,
            13,
            18,
            8,
            10,
            12,
            16,
            13,
            18,
            15,
            13,
            11,
            2,
            3,
            11,
            17,
            14
        ],
        [
            13,
            0,
            13,
            16,
            5,
            19,
            13,
            14,
            1,
            11,
            5,
            4,
            20,
            14,
            15,
            15,
            17,
            9
        ],
        [
            13,
            13,
            0,
            6,
            11,
            11,
            21,
            4,
            12,
            9,
            18,
            9,
            11,
            14,
            14,
            22,
            5,
            6
        ],
        [
            18,
            16,
            6,
            0,
            16,
            16,
            26,
            3,
            15,
            7,
            21,
            12,
            15,
            20,
            20,
            27,
            3,
            8
        ],
        [
            8,
            5,
            11,
            16,
            0,
            16,
            11,
            14,
            5,
            13,
            8,
            6,
            16,
            10,
            11,
            13,
            16,
            9
        ],
        [
            10,
            19,
            11,
            16,
            16,
            0,
            22,
            14,
            19,
            19,
            23,
            18,
            2,
            11,
            10,
            21,
            13,
            17
        ],
        [
            12,
            13,
            21,
            26,
            11,
            22,
            0,
            24,
            14,
            23,
            11,
            16,
            23,
            12,
            13,
            4,
            26,
            20
        ],
        [
            16,
            14,
            4,
            3,
            14,
            14,
            24,
            0,
            14,
            7,
            19,
            11,
            13,
            18,
            17,
            25,
            3,
            7
        ],
        [
            13,
            1,
            12,
            15,
            5,
            19,
            14,
            14,
            0,
            10,
            6,
            3,
            19,
            14,
            15,
            16,
            16,
            8
        ],
        [
            18,
            11,
            9,
            7,
            13,
            19,
            23,
            7,
            10,
            0,
            16,
            8,
            19,
            20,
            20,
            25,
            9,
            4
        ],
        [
            15,
            5,
            18,
            21,
            8,
            23,
            11,
            19,
            6,
            16,
            0,
            9,
            24,
            16,
            17,
            13,
            22,
            13
        ],
        [
            13,
            4,
            9,
            12,
            6,
            18,
            16,
            11,
            3,
            8,
            9,
            0,
            18,
            14,
            15,
            18,
            13,
            5
        ],
        [
            11,
            20,
            11,
            15,
            16,
            2,
            23,
            13,
            19,
            19,
            24,
            18,
            0,
            12,
            11,
            22,
            13,
            16
        ],
        [
            2,
            14,
            14,
            20,
            10,
            11,
            12,
            18,
            14,
            20,
            16,
            14,
            12,
            0,
            2,
            11,
            19,
            16
        ],
        [
            3,
            15,
            14,
            20,
            11,
            10,
            13,
            17,
            15,
            20,
            17,
            15,
            11,
            2,
            0,
            12,
            18,
            17
        ],
        [
            11,
            15,
            22,
            27,
            13,
            21,
            4,
            25,
            16,
            25,
            13,
            18,
            22,
            11,
            12,
            0,
            27,
            21
        ],
        [
            17,
            17,
            5,
            3,
            16,
            13,
            26,
            3,
            16,
            9,
            22,
            13,
            13,
            19,
            18,
            27,
            0,
            9
        ],
        [
            14,
            9,
            6,
            8,
            9,
            17,
            20,
            7,
            8,
            4,
            13,
            5,
            16,
            16,
            17,
            21,
            9,
            0
        ]
    ]
}