{
    "_id_": "t=euclidean+d=7+c=3+n=10+v=3+o=100+r=04",
    "meta": {
        "t": "euclidean",
        "d": 7,
        "c": 3,
        "n": 10,
        "v": 3,
        "o": 100,
        "r": 4
    },
    "num_carriers": 3,
    "max_vehicle_load": 999999999,
    "max_tour_distance": 999999999,
    "max_tour_duration": 999999999,
    "carriers_max_num_tours": 3,
    "requests": [
        0,
        1,
        2,
        3,
        4,
        5,
        6,
        7,
        8,
        9,
        10,
        11,
        12,
        13,
        14,
        15,
        16,
        17,
        18,
        19,
        20,
        21,
        22,
        23,
        24,
        25,
        26,
        27,
        28,
        29
    ],
    "num_requests": 30,
    "num_requests_per_carrier": 10,
    "vertex_x_coords": [
        19.5,
        9.000000000000002,
        8.999999999999996,
        21.34353898188961,
        6.277020430353131,
        14.443187121087158,
        13.58125612789472,
        24.4858297072094,
        0.8170632447097009,
        8.64562792541438,
        13.998767280445437,
        12.949890542144745,
        3.0144222696587537,
        3.465223447870927,
        10.331080419504868,
        22.345558439159163,
        15.659477051654028,
        19.36668471137607,
        2.883045061941747,
        16.831786058784463,
        0.6073934324106439,
        9.793904139271554,
        7.151275402567952,
        4.625586562827558,
        16.619000579986402,
        19.953853562863262,
        21.35550843871077,
        24.255538129217495,
        14.577454748616267,
        7.065600682702399,
        15.561733887811743,
        9.19411359551707,
        9.182103072305619
    ],
    "vertex_y_coords": [
        12.5,
        18.562177826491073,
        6.4378221735089305,
        1.4267490609034845,
        16.350663011790203,
        14.065149550757564,
        9.329219412588897,
        16.11715762630376,
        11.796598252707287,
        4.877325413025699,
        9.01209099595145,
        2.0676033054424807,
        21.8576154478384,
        4.248131322846313,
        5.449967507595852,
        15.173438872973582,
        9.947577054549631,
        9.268266502557458,
        22.90082206894178,
        7.555197000570415,
        3.485750788221928,
        6.336343583583792,
        6.217063573475004,
        4.559035508477363,
        14.285144658897059,
        22.251482168471632,
        16.765884230801998,
        3.111293536292814,
        11.003634370195424,
        24.580470732828843,
        20.221479455528286,
        8.612032564003341,
        1.914205572706504
    ],
    "request_to_carrier_assignment": [
        0,
        0,
        0,
        0,
        0,
        0,
        0,
        0,
        0,
        0,
        1,
        1,
        1,
        1,
        1,
        1,
        1,
        1,
        1,
        1,
        2,
        2,
        2,
        2,
        2,
        2,
        2,
        2,
        2,
        2
    ],
    "request_disclosure_time": [
        "0001-01-01T00:00:00",
        "0001-01-01T03:24:00",
        "0001-01-01T06:48:00",
        "0001-01-01T10:12:00",
        "0001-01-01T13:36:00",
        "0001-01-01T17:00:00",
        "0001-01-01T20:24:00",
        "0001-01-01T23:48:00",
        "0001-01-02T03:12:00",
        "0001-01-02T06:36:00",
        "0001-01-01T00:00:00",
        "0001-01-01T03:24:00",
        "0001-01-01T06:48:00",
        "0001-01-01T10:12:00",
        "0001-01-01T13:36:00",
        "0001-01-01T17:00:00",
        "0001-01-01T20:24:00",
        "0001-01-01T23:48:00",
        "0001-01-02T03:12:00",
        "0001-01-02T06:36:00",
        "0001-01-01T00:00:00",
        "0001-01-01T03:24:00",
        "0001-01-01T06:48:00",
        "0001-01-01T10:12:00",
        "0001-01-01T13:36:00",
        "0001-01-01T17:00:00",
        "0001-01-01T20:24:00",
        "0001-01-01T23:48:00",
        "0001-01-02T03:12:00",
        "0001-01-02T06:36:00"
    ],
    "vertex_revenue": [
        0,
        0,
        0,
        1,
        1,
        1,
        1,
        1,
        1,
        1,
        1,
        1,
        1,
        1,
        1,
        1,
        1,
        1,
        1,
        1,
        1,
        1,
        1,
        1,
        1,
        1,
        1,
        1,
        1,
        1,
        1,
        1,
        1
    ],
    "vertex_load": [
        0,
        0,
        0,
        1,
        1,
        1,
        1,
        1,
        1,
        1,
        1,
        1,
        1,
        1,
        1,
        1,
        1,
        1,
        1,
        1,
        1,
        1,
        1,
        1,
        1,
        1,
        1,
        1,
        1,
        1,
        1,
        1,
        1
    ],
    "vertex_service_duration": [
        0,
        0,
        0,
        240.0,
        240.0,
        240.0,
        240.0,
        240.0,
        240.0,
        240.0,
        240.0,
        240.0,
        240.0,
        240.0,
        240.0,
        240.0,
        240.0,
        240.0,
        240.0,
        240.0,
        240.0,
        240.0,
        240.0,
        240.0,
        240.0,
        240.0,
        240.0,
        240.0,
        240.0,
        240.0,
        240.0,
        240.0,
        240.0
    ],
    "tw_open": [
        "0001-01-02T10:00:00",
        "0001-01-02T10:00:00",
        "0001-01-02T10:00:00",
        "0001-01-02T10:00:00",
        "0001-01-02T10:00:00",
        "0001-01-02T10:00:00",
        "0001-01-02T10:00:00",
        "0001-01-02T10:00:00",
        "0001-01-02T10:00:00",
        "0001-01-02T10:00:00",
        "0001-01-02T10:00:00",
        "0001-01-02T10:00:00",
        "0001-01-02T10:00:00",
        "0001-01-02T10:00:00",
        "0001-01-02T10:00:00",
        "0001-01-02T10:00:00",
        "0001-01-02T10:00:00",
        "0001-01-02T10:00:00",
        "0001-01-02T10:00:00",
        "0001-01-02T10:00:00",
        "0001-01-02T10:00:00",
        "0001-01-02T10:00:00",
        "0001-01-02T10:00:00",
        "0001-01-02T10:00:00",
        "0001-01-02T10:00:00",
        "0001-01-02T10:00:00",
        "0001-01-02T10:00:00",
        "0001-01-02T10:00:00",
        "0001-01-02T10:00:00",
        "0001-01-02T10:00:00",
        "0001-01-02T10:00:00",
        "0001-01-02T10:00:00",
        "0001-01-02T10:00:00"
    ],
    "tw_close": [
        "0001-01-02T18:00:00",
        "0001-01-02T18:00:00",
        "0001-01-02T18:00:00",
        "0001-01-02T18:00:00",
        "0001-01-02T18:00:00",
        "0001-01-02T18:00:00",
        "0001-01-02T18:00:00",
        "0001-01-02T18:00:00",
        "0001-01-02T18:00:00",
        "0001-01-02T18:00:00",
        "0001-01-02T18:00:00",
        "0001-01-02T18:00:00",
        "0001-01-02T18:00:00",
        "0001-01-02T18:00:00",
        "0001-01-02T18:00:00",
        "0001-01-02T18:00:00",
        "0001-01-02T18:00:00",
        "0001-01-02T18:00:00",
        "0001-01-02T18:00:00",
        "0001-01-02T18:00:00",
        "0001-01-02T18:00:00",
        "0001-01-02T18:00:00",
        "0001-01-02T18:00:00",
        "0001-01-02T18:00:00",
        "0001-01-02T18:00:00",
        "0001-01-02T18:00:00",
        "0001-01-02T18:00:00",
        "0001-01-02T18:00:00",
        "0001-01-02T18:00:00",
        "0001-01-02T18:00:00",
        "0001-01-02T18:00:00",
        "0001-01-02T18:00:00",
        "0001-01-02T18:00:00"
    ],
    "_travel_duration_matrix": [
        [
            0.0,
            1455.0,
            1455.0,
            1348.0,
            1653.0,
            636.0,
            806.0,
            740.0,
            2244.0,
            1592.0,
            782.0,
            1479.0,
            2275.0,
            2165.0,
            1388.0,
            469.0,
            554.0,
            389.0,
            2353.0,
            675.0,
            2512.0,
            1380.0,
            1663.0,
            2024.0,
            407.0,
            1172.0,
            559.0,
            1263.0,
            618.0,
            2081.0,
            1041.0,
            1322.0,
            1774.0
        ],
        [
            1455.0,
            0.0,
            1455.0,
            2535.0,
            421.0,
            848.0,
            1237.0,
            1882.0,
            1275.0,
            1643.0,
            1294.0,
            2036.0,
            820.0,
            1842.0,
            1582.0,
            1653.0,
            1307.0,
            1671.0,
            900.0,
            1622.0,
            2071.0,
            1471.0,
            1498.0,
            1761.0,
            1049.0,
            1388.0,
            1499.0,
            2606.0,
            1128.0,
            759.0,
            813.0,
            1195.0,
            1998.0
        ],
        [
            1455.0,
            1455.0,
            0.0,
            1599.0,
            1234.0,
            1125.0,
            651.0,
            2192.0,
            1174.0,
            193.0,
            675.0,
            707.0,
            1985.0,
            715.0,
            199.0,
            1915.0,
            904.0,
            1290.0,
            2108.0,
            950.0,
            1068.0,
            97.0,
            224.0,
            572.0,
            1313.0,
            2309.0,
            1933.0,
            1874.0,
            865.0,
            2190.0,
            1832.0,
            262.0,
            544.0
        ],
        [
            1348.0,
            2535.0,
            1599.0,
            0.0,
            2545.0,
            1728.0,
            1330.0,
            1803.0,
            2760.0,
            1580.0,
            1268.0,
            1011.0,
            3294.0,
            2172.0,
            1407.0,
            1654.0,
            1230.0,
            971.0,
            3399.0,
            914.0,
            2501.0,
            1506.0,
            1798.0,
            2042.0,
            1644.0,
            2505.0,
            1841.0,
            404.0,
            1408.0,
            3265.0,
            2360.0,
            1694.0,
            1461.0
        ],
        [
            1653.0,
            421.0,
            1234.0,
            2545.0,
            0.0,
            1018.0,
            1216.0,
            2186.0,
            854.0,
            1406.0,
            1279.0,
            1892.0,
            769.0,
            1491.0,
            1396.0,
            1934.0,
            1364.0,
            1786.0,
            886.0,
            1649.0,
            1688.0,
            1274.0,
            1221.0,
            1429.0,
            1266.0,
            1788.0,
            1811.0,
            2680.0,
            1185.0,
            993.0,
            1208.0,
            993.0,
            1768.0
        ],
        [
            636.0,
            848.0,
            1125.0,
            1728.0,
            1018.0,
            0.0,
            578.0,
            1231.0,
            1658.0,
            1304.0,
            609.0,
            1451.0,
            1660.0,
            1768.0,
            1146.0,
            958.0,
            516.0,
            825.0,
            1747.0,
            833.0,
            2091.0,
            1083.0,
            1286.0,
            1640.0,
            263.0,
            1185.0,
            891.0,
            1765.0,
            368.0,
            1542.0,
            751.0,
            909.0,
            1589.0
        ],
        [
            806.0,
            1237.0,
            651.0,
            1330.0,
            1216.0,
            578.0,
            0.0,
            1542.0,
            1561.0,
            798.0,
            63.0,
            875.0,
            1967.0,
            1359.0,
            608.0,
            1265.0,
            261.0,
            695.0,
            2074.0,
            445.0,
            1708.0,
            580.0,
            858.0,
            1218.0,
            698.0,
            1729.0,
            1292.0,
            1483.0,
            234.0,
            1991.0,
            1329.0,
            534.0,
            1035.0
        ],
        [
            740.0,
            1882.0,
            2192.0,
            1803.0,
            2186.0,
            1231.0,
            1542.0,
            0.0,
            2888.0,
            2331.0,
            1521.0,
            2182.0,
            2668.0,
            2897.0,
            2127.0,
            281.0,
            1293.0,
            1027.0,
            2718.0,
            1379.0,
            3242.0,
            2118.0,
            2396.0,
            2758.0,
            970.0,
            916.0,
            384.0,
            1561.0,
            1339.0,
            2325.0,
            1179.0,
            2045.0,
            2506.0
        ],
        [
            2244.0,
            1275.0,
            1174.0,
            2760.0,
            854.0,
            1658.0,
            1561.0,
            2888.0,
            0.0,
            1254.0,
            1617.0,
            1867.0,
            1236.0,
            960.0,
            1373.0,
            2616.0,
            1795.0,
            2247.0,
            1356.0,
            1989.0,
            998.0,
            1261.0,
            1013.0,
            982.0,
            1920.0,
            2617.0,
            2536.0,
            3000.0,
            1654.0,
            1708.0,
            2038.0,
            1076.0,
            1554.0
        ],
        [
            1592.0,
            1643.0,
            193.0,
            1580.0,
            1406.0,
            1304.0,
            798.0,
            2331.0,
            1254.0,
            0.0,
            812.0,
            617.0,
            2147.0,
            627.0,
            214.0,
            2057.0,
            1039.0,
            1391.0,
            2271.0,
            1034.0,
            979.0,
            223.0,
            241.0,
            484.0,
            1480.0,
            2488.0,
            2089.0,
            1886.0,
            1024.0,
            2372.0,
            2020.0,
            453.0,
            362.0
        ],
        [
            782.0,
            1294.0,
            675.0,
            1268.0,
            1279.0,
            609.0,
            63.0,
            1521.0,
            1617.0,
            812.0,
            0.0,
            843.0,
            2029.0,
            1388.0,
            614.0,
            1245.0,
            229.0,
            645.0,
            2135.0,
            383.0,
            1739.0,
            599.0,
            888.0,
            1246.0,
            707.0,
            1743.0,
            1283.0,
            1420.0,
            249.0,
            2046.0,
            1359.0,
            579.0,
            1030.0
        ],
        [
            1479.0,
            2036.0,
            707.0,
            1011.0,
            1892.0,
            1451.0,
            875.0,
            2182.0,
            1867.0,
            617.0,
            843.0,
            0.0,
            2658.0,
            1168.0,
            514.0,
            1936.0,
            1000.0,
            1158.0,
            2777.0,
            807.0,
            1491.0,
            638.0,
            856.0,
            1043.0,
            1531.0,
            2564.0,
            2032.0,
            1363.0,
            1090.0,
            2793.0,
            2201.0,
            906.0,
            453.0
        ],
        [
            2275.0,
            820.0,
            1985.0,
            3294.0,
            769.0,
            1660.0,
            1967.0,
            2668.0,
            1236.0,
            2147.0,
            2029.0,
            2658.0,
            0.0,
            2114.0,
            2156.0,
            2455.0,
            2085.0,
            2477.0,
            127.0,
            2387.0,
            2224.0,
            2033.0,
            1942.0,
            2085.0,
            1869.0,
            2034.0,
            2285.0,
            3400.0,
            1904.0,
            586.0,
            1519.0,
            1754.0,
            2506.0
        ],
        [
            2165.0,
            1842.0,
            715.0,
            2172.0,
            1491.0,
            1768.0,
            1359.0,
            2897.0,
            960.0,
            627.0,
            1388.0,
            1168.0,
            2114.0,
            0.0,
            837.0,
            2618.0,
            1616.0,
            2002.0,
            2240.0,
            1653.0,
            355.0,
            800.0,
            502.0,
            145.0,
            1986.0,
            2930.0,
            2621.0,
            2499.0,
            1561.0,
            2478.0,
            2405.0,
            865.0,
            741.0
        ],
        [
            1388.0,
            1582.0,
            199.0,
            1407.0,
            1396.0,
            1146.0,
            608.0,
            2127.0,
            1373.0,
            214.0,
            614.0,
            514.0,
            2156.0,
            837.0,
            0.0,
            1855.0,
            837.0,
            1178.0,
            2277.0,
            820.0,
            1191.0,
            125.0,
            393.0,
            693.0,
            1302.0,
            2324.0,
            1896.0,
            1695.0,
            839.0,
            2329.0,
            1881.0,
            404.0,
            447.0
        ],
        [
            469.0,
            1653.0,
            1915.0,
            1654.0,
            1934.0,
            958.0,
            1265.0,
            281.0,
            2616.0,
            2057.0,
            1245.0,
            1936.0,
            2455.0,
            2618.0,
            1855.0,
            0.0,
            1019.0,
            794.0,
            2513.0,
            1129.0,
            2962.0,
            1843.0,
            2117.0,
            2479.0,
            696.0,
            897.0,
            226.0,
            1466.0,
            1058.0,
            2154.0,
            1015.0,
            1764.0,
            2243.0
        ],
        [
            554.0,
            1307.0,
            904.0,
            1230.0,
            1364.0,
            516.0,
            261.0,
            1293.0,
            1795.0,
            1039.0,
            229.0,
            1000.0,
            2085.0,
            1616.0,
            837.0,
            1019.0,
            0.0,
            453.0,
            2184.0,
            320.0,
            1966.0,
            827.0,
            1115.0,
            1474.0,
            534.0,
            1564.0,
            1067.0,
            1318.0,
            182.0,
            2037.0,
            1233.0,
            793.0,
            1239.0
        ],
        [
            389.0,
            1671.0,
            1290.0,
            971.0,
            1786.0,
            825.0,
            695.0,
            1027.0,
            2247.0,
            1391.0,
            645.0,
            1158.0,
            2477.0,
            2002.0,
            1178.0,
            794.0,
            453.0,
            0.0,
            2567.0,
            368.0,
            2356.0,
            1202.0,
            1511.0,
            1858.0,
            687.0,
            1560.0,
            931.0,
            944.0,
            612.0,
            2357.0,
            1392.0,
            1224.0,
            1508.0
        ],
        [
            2353.0,
            900.0,
            2108.0,
            3399.0,
            886.0,
            1747.0,
            2074.0,
            2718.0,
            1356.0,
            2271.0,
            2135.0,
            2777.0,
            127.0,
            2240.0,
            2277.0,
            2513.0,
            2184.0,
            2567.0,
            0.0,
            2489.0,
            2346.0,
            2154.0,
            2067.0,
            2211.0,
            1946.0,
            2050.0,
            2336.0,
            3496.0,
            2002.0,
            541.0,
            1556.0,
            1875.0,
            2630.0
        ],
        [
            675.0,
            1622.0,
            950.0,
            914.0,
            1649.0,
            833.0,
            445.0,
            1379.0,
            1989.0,
            1034.0,
            383.0,
            807.0,
            2387.0,
            1653.0,
            820.0,
            1129.0,
            320.0,
            368.0,
            2489.0,
            0.0,
            2008.0,
            858.0,
            1173.0,
            1509.0,
            808.0,
            1803.0,
            1232.0,
            1039.0,
            495.0,
            2356.0,
            1528.0,
            926.0,
            1141.0
        ],
        [
            2512.0,
            2071.0,
            1068.0,
            2501.0,
            1688.0,
            2091.0,
            1708.0,
            3242.0,
            998.0,
            979.0,
            1739.0,
            1491.0,
            2224.0,
            355.0,
            1191.0,
            2962.0,
            1966.0,
            2356.0,
            2346.0,
            2008.0,
            0.0,
            1155.0,
            851.0,
            500.0,
            2318.0,
            3235.0,
            2957.0,
            2839.0,
            1904.0,
            2648.0,
            2694.0,
            1201.0,
            1047.0
        ],
        [
            1380.0,
            1471.0,
            97.0,
            1506.0,
            1274.0,
            1083.0,
            580.0,
            2118.0,
            1261.0,
            223.0,
            599.0,
            638.0,
            2033.0,
            800.0,
            125.0,
            1843.0,
            827.0,
            1202.0,
            2154.0,
            858.0,
            1155.0,
            0.0,
            318.0,
            656.0,
            1258.0,
            2266.0,
            1869.0,
            1779.0,
            802.0,
            2214.0,
            1805.0,
            283.0,
            536.0
        ],
        [
            1663.0,
            1498.0,
            224.0,
            1798.0,
            1221.0,
            1286.0,
            858.0,
            2396.0,
            1013.0,
            241.0,
            888.0,
            856.0,
            1942.0,
            502.0,
            393.0,
            2117.0,
            1115.0,
            1511.0,
            2067.0,
            1173.0,
            851.0,
            318.0,
            0.0,
            363.0,
            1493.0,
            2463.0,
            2124.0,
            2087.0,
            1061.0,
            2204.0,
            1961.0,
            378.0,
            571.0
        ],
        [
            2024.0,
            1761.0,
            572.0,
            2042.0,
            1429.0,
            1640.0,
            1218.0,
            2758.0,
            982.0,
            484.0,
            1246.0,
            1043.0,
            2085.0,
            145.0,
            693.0,
            2479.0,
            1474.0,
            1858.0,
            2211.0,
            1509.0,
            500.0,
            656.0,
            363.0,
            0.0,
            1853.0,
            2810.0,
            2486.0,
            2362.0,
            1423.0,
            2421.0,
            2293.0,
            733.0,
            633.0
        ],
        [
            407.0,
            1049.0,
            1313.0,
            1644.0,
            1266.0,
            263.0,
            698.0,
            970.0,
            1920.0,
            1480.0,
            707.0,
            1531.0,
            1869.0,
            1986.0,
            1302.0,
            696.0,
            534.0,
            687.0,
            1946.0,
            808.0,
            2318.0,
            1258.0,
            1493.0,
            1853.0,
            0.0,
            1037.0,
            642.0,
            1625.0,
            464.0,
            1686.0,
            724.0,
            1122.0,
            1733.0
        ],
        [
            1172.0,
            1388.0,
            2309.0,
            2505.0,
            1788.0,
            1185.0,
            1729.0,
            916.0,
            2617.0,
            2488.0,
            1743.0,
            2564.0,
            2034.0,
            2930.0,
            2324.0,
            897.0,
            1564.0,
            1560.0,
            2050.0,
            1803.0,
            3235.0,
            2266.0,
            2463.0,
            2810.0,
            1037.0,
            0.0,
            680.0,
            2355.0,
            1497.0,
            1572.0,
            581.0,
            2085.0,
            2762.0
        ],
        [
            559.0,
            1499.0,
            1933.0,
            1841.0,
            1811.0,
            891.0,
            1292.0,
            384.0,
            2536.0,
            2089.0,
            1283.0,
            2032.0,
            2285.0,
            2621.0,
            1896.0,
            226.0,
            1067.0,
            931.0,
            2336.0,
            1232.0,
            2957.0,
            1869.0,
            2124.0,
            2486.0,
            642.0,
            680.0,
            0.0,
            1676.0,
            1068.0,
            1955.0,
            810.0,
            1758.0,
            2305.0
        ],
        [
            1263.0,
            2606.0,
            1874.0,
            404.0,
            2680.0,
            1765.0,
            1483.0,
            1561.0,
            3000.0,
            1886.0,
            1420.0,
            1363.0,
            3400.0,
            2499.0,
            1695.0,
            1466.0,
            1318.0,
            944.0,
            3496.0,
            1039.0,
            2839.0,
            1779.0,
            2087.0,
            2362.0,
            1625.0,
            2355.0,
            1676.0,
            0.0,
            1499.0,
            3301.0,
            2304.0,
            1925.0,
            1815.0
        ],
        [
            618.0,
            1128.0,
            865.0,
            1408.0,
            1185.0,
            368.0,
            234.0,
            1339.0,
            1654.0,
            1024.0,
            249.0,
            1090.0,
            1904.0,
            1561.0,
            839.0,
            1058.0,
            182.0,
            612.0,
            2002.0,
            495.0,
            1904.0,
            802.0,
            1061.0,
            1423.0,
            464.0,
            1497.0,
            1068.0,
            1499.0,
            0.0,
            1862.0,
            1113.0,
            707.0,
            1269.0
        ],
        [
            2081.0,
            759.0,
            2190.0,
            3265.0,
            993.0,
            1542.0,
            1991.0,
            2325.0,
            1708.0,
            2372.0,
            2046.0,
            2793.0,
            586.0,
            2478.0,
            2329.0,
            2154.0,
            2037.0,
            2357.0,
            541.0,
            2356.0,
            2648.0,
            2214.0,
            2204.0,
            2421.0,
            1686.0,
            1572.0,
            1955.0,
            3301.0,
            1862.0,
            0.0,
            1146.0,
            1934.0,
            2732.0
        ],
        [
            1041.0,
            813.0,
            1832.0,
            2360.0,
            1208.0,
            751.0,
            1329.0,
            1179.0,
            2038.0,
            2020.0,
            1359.0,
            2201.0,
            1519.0,
            2405.0,
            1881.0,
            1015.0,
            1233.0,
            1392.0,
            1556.0,
            1528.0,
            2694.0,
            1805.0,
            1961.0,
            2293.0,
            724.0,
            581.0,
            810.0,
            2304.0,
            1113.0,
            1146.0,
            0.0,
            1589.0,
            2327.0
        ],
        [
            1322.0,
            1195.0,
            262.0,
            1694.0,
            993.0,
            909.0,
            534.0,
            2045.0,
            1076.0,
            453.0,
            579.0,
            906.0,
            1754.0,
            865.0,
            404.0,
            1764.0,
            793.0,
            1224.0,
            1875.0,
            926.0,
            1201.0,
            283.0,
            378.0,
            733.0,
            1122.0,
            2085.0,
            1758.0,
            1925.0,
            707.0,
            1934.0,
            1589.0,
            0.0,
            804.0
        ],
        [
            1774.0,
            1998.0,
            544.0,
            1461.0,
            1768.0,
            1589.0,
            1035.0,
            2506.0,
            1554.0,
            362.0,
            1030.0,
            453.0,
            2506.0,
            741.0,
            447.0,
            2243.0,
            1239.0,
            1508.0,
            2630.0,
            1141.0,
            1047.0,
            536.0,
            571.0,
            633.0,
            1733.0,
            2762.0,
            2305.0,
            1815.0,
            1269.0,
            2732.0,
            2327.0,
            804.0,
            0.0
        ]
    ],
    "_travel_distance_matrix": [
        [
            0,
            13,
            13,
            12,
            14,
            6,
            7,
            7,
            19,
            14,
            7,
            13,
            19,
            19,
            12,
            4,
            5,
            4,
            20,
            6,
            21,
            12,
            14,
            17,
            4,
            10,
            5,
            11,
            6,
            18,
            9,
            12,
            15
        ],
        [
            13,
            0,
            13,
            22,
            4,
            8,
            11,
            16,
            11,
            14,
            11,
            17,
            7,
            16,
            14,
            14,
            11,
            14,
            8,
            14,
            18,
            13,
            13,
            15,
            9,
            12,
            13,
            22,
            10,
            7,
            7,
            10,
            17
        ],
        [
            13,
            13,
            0,
            14,
            11,
            10,
            6,
            19,
            10,
            2,
            6,
            6,
            17,
            6,
            2,
            16,
            8,
            11,
            18,
            8,
            9,
            1,
            2,
            5,
            11,
            20,
            17,
            16,
            8,
            19,
            16,
            3,
            5
        ],
        [
            12,
            22,
            14,
            0,
            22,
            15,
            12,
            16,
            23,
            14,
            11,
            9,
            28,
            19,
            12,
            14,
            11,
            9,
            29,
            8,
            21,
            13,
            15,
            18,
            14,
            21,
            16,
            4,
            12,
            28,
            20,
            15,
            13
        ],
        [
            14,
            4,
            11,
            22,
            0,
            9,
            11,
            19,
            8,
            12,
            11,
            16,
            7,
            13,
            12,
            17,
            12,
            15,
            8,
            14,
            15,
            11,
            11,
            12,
            11,
            15,
            16,
            23,
            10,
            9,
            11,
            9,
            15
        ],
        [
            6,
            8,
            10,
            15,
            9,
            0,
            5,
            11,
            14,
            11,
            6,
            13,
            14,
            15,
            10,
            8,
            5,
            7,
            15,
            7,
            18,
            10,
            11,
            14,
            3,
            10,
            8,
            15,
            4,
            13,
            7,
            8,
            14
        ],
        [
            7,
            11,
            6,
            12,
            11,
            5,
            0,
            13,
            14,
            7,
            1,
            8,
            17,
            12,
            6,
            11,
            3,
            6,
            18,
            4,
            15,
            5,
            8,
            11,
            6,
            15,
            11,
            13,
            2,
            17,
            12,
            5,
            9
        ],
        [
            7,
            16,
            19,
            16,
            19,
            11,
            13,
            0,
            25,
            20,
            13,
            19,
            23,
            25,
            18,
            3,
            11,
            9,
            23,
            12,
            28,
            18,
            20,
            23,
            9,
            8,
            4,
            14,
            12,
            20,
            10,
            18,
            21
        ],
        [
            19,
            11,
            10,
            23,
            8,
            14,
            14,
            25,
            0,
            11,
            14,
            16,
            11,
            8,
            12,
            22,
            15,
            19,
            12,
            17,
            9,
            11,
            9,
            9,
            16,
            22,
            22,
            25,
            14,
            15,
            17,
            9,
            13
        ],
        [
            14,
            14,
            2,
            14,
            12,
            11,
            7,
            20,
            11,
            0,
            7,
            6,
            18,
            6,
            2,
            18,
            9,
            12,
            19,
            9,
            9,
            2,
            3,
            5,
            13,
            21,
            18,
            16,
            9,
            20,
            17,
            4,
            4
        ],
        [
            7,
            11,
            6,
            11,
            11,
            6,
            1,
            13,
            14,
            7,
            0,
            8,
            17,
            12,
            6,
            11,
            2,
            6,
            18,
            4,
            15,
            5,
            8,
            11,
            6,
            15,
            11,
            12,
            3,
            18,
            12,
            5,
            9
        ],
        [
            13,
            17,
            6,
            9,
            16,
            13,
            8,
            19,
            16,
            6,
            8,
            0,
            23,
            10,
            5,
            17,
            9,
            10,
            24,
            7,
            13,
            6,
            8,
            9,
            13,
            22,
            17,
            12,
            10,
            24,
            19,
            8,
            4
        ],
        [
            19,
            7,
            17,
            28,
            7,
            14,
            17,
            23,
            11,
            18,
            17,
            23,
            0,
            18,
            18,
            21,
            18,
            21,
            2,
            20,
            19,
            17,
            17,
            18,
            16,
            17,
            20,
            29,
            16,
            5,
            13,
            15,
            21
        ],
        [
            19,
            16,
            6,
            19,
            13,
            15,
            12,
            25,
            8,
            6,
            12,
            10,
            18,
            0,
            7,
            22,
            14,
            17,
            19,
            14,
            3,
            7,
            5,
            2,
            17,
            25,
            22,
            21,
            14,
            21,
            21,
            8,
            7
        ],
        [
            12,
            14,
            2,
            12,
            12,
            10,
            6,
            18,
            12,
            2,
            6,
            5,
            18,
            7,
            0,
            16,
            7,
            10,
            19,
            7,
            10,
            2,
            4,
            6,
            11,
            20,
            16,
            15,
            7,
            20,
            16,
            4,
            4
        ],
        [
            4,
            14,
            16,
            14,
            17,
            8,
            11,
            3,
            22,
            18,
            11,
            17,
            21,
            22,
            16,
            0,
            9,
            7,
            21,
            10,
            25,
            16,
            18,
            21,
            6,
            8,
            2,
            13,
            9,
            18,
            9,
            15,
            19
        ],
        [
            5,
            11,
            8,
            11,
            12,
            5,
            3,
            11,
            15,
            9,
            2,
            9,
            18,
            14,
            7,
            9,
            0,
            4,
            19,
            3,
            17,
            7,
            10,
            13,
            5,
            14,
            9,
            11,
            2,
            17,
            11,
            7,
            11
        ],
        [
            4,
            14,
            11,
            9,
            15,
            7,
            6,
            9,
            19,
            12,
            6,
            10,
            21,
            17,
            10,
            7,
            4,
            0,
            22,
            4,
            20,
            11,
            13,
            16,
            6,
            13,
            8,
            8,
            6,
            20,
            12,
            11,
            13
        ],
        [
            20,
            8,
            18,
            29,
            8,
            15,
            18,
            23,
            12,
            19,
            18,
            24,
            2,
            19,
            19,
            21,
            19,
            22,
            0,
            21,
            20,
            18,
            18,
            19,
            17,
            18,
            20,
            30,
            17,
            5,
            13,
            16,
            22
        ],
        [
            6,
            14,
            8,
            8,
            14,
            7,
            4,
            12,
            17,
            9,
            4,
            7,
            20,
            14,
            7,
            10,
            3,
            4,
            21,
            0,
