{
    "_id_": "t=euclidean+d=7+c=3+n=05+v=3+o=100+r=18",
    "meta": {
        "t": "euclidean",
        "d": 7,
        "c": 3,
        "n": 5,
        "v": 3,
        "o": 100,
        "r": 18
    },
    "num_carriers": 3,
    "max_vehicle_load": 999999999,
    "max_tour_distance": 999999999,
    "max_tour_duration": 999999999,
    "carriers_max_num_tours": 3,
    "requests": [
        0,
        1,
        2,
        3,
        4,
        5,
        6,
        7,
        8,
        9,
        10,
        11,
        12,
        13,
        14
    ],
    "num_requests": 15,
    "num_requests_per_carrier": 5,
    "vertex_x_coords": [
        19.5,
        9.000000000000002,
        8.999999999999996,
        9.607909297074576,
        22.453195646611398,
        19.404673636627383,
        22.74512034610622,
        22.939037444024127,
        4.852088492796105,
        1.16082873822278,
        23.365330776560047,
        19.68474748826821,
        4.97860445277345,
        9.292552067828833,
        22.935659250977192,
        20.493634356493256,
        1.3013139860574814,
        11.877096046809193
    ],
    "vertex_y_coords": [
        12.5,
        18.562177826491073,
        6.4378221735089305,
        5.847596960300619,
        22.313958772328395,
        19.814363909027737,
        8.935841287481313,
        7.171849707366884,
        24.103835367800894,
        15.821536135615567,
        18.7119754112757,
        8.790907524154528,
        17.348891205660497,
        14.360220553015592,
        7.964690790126394,
        19.418475177750512,
        24.249056563854303,
        4.24985883449249
    ],
    "request_to_carrier_assignment": [
        0,
        0,
        0,
        0,
        0,
        1,
        1,
        1,
        1,
        1,
        2,
        2,
        2,
        2,
        2
    ],
    "request_disclosure_time": [
        "0001-01-01T00:00:00",
        "0001-01-01T06:48:00",
        "0001-01-01T13:36:00",
        "0001-01-01T20:24:00",
        "0001-01-02T03:12:00",
        "0001-01-01T00:00:00",
        "0001-01-01T06:48:00",
        "0001-01-01T13:36:00",
        "0001-01-01T20:24:00",
        "0001-01-02T03:12:00",
        "0001-01-01T00:00:00",
        "0001-01-01T06:48:00",
        "0001-01-01T13:36:00",
        "0001-01-01T20:24:00",
        "0001-01-02T03:12:00"
    ],
    "vertex_revenue": [
        0,
        0,
        0,
        1,
        1,
        1,
        1,
        1,
        1,
        1,
        1,
        1,
        1,
        1,
        1,
        1,
        1,
        1
    ],
    "vertex_load": [
        0,
        0,
        0,
        1,
        1,
        1,
        1,
        1,
        1,
        1,
        1,
        1,
        1,
        1,
        1,
        1,
        1,
        1
    ],
    "vertex_service_duration": [
        0,
        0,
        0,
        240.0,
        240.0,
        240.0,
        240.0,
        240.0,
        240.0,
        240.0,
        240.0,
        240.0,
        240.0,
        240.0,
        240.0,
        240.0,
        240.0,
        240.0
    ],
    "tw_open": [
        "0001-01-02T10:00:00",
        "0001-01-02T10:00:00",
        "0001-01-02T10:00:00",
        "0001-01-02T10:00:00",
        "0001-01-02T10:00:00",
        "0001-01-02T10:00:00",
        "0001-01-02T10:00:00",
        "0001-01-02T10:00:00",
        "0001-01-02T10:00:00",
        "0001-01-02T10:00:00",
        "0001-01-02T10:00:00",
        "0001-01-02T10:00:00",
        "0001-01-02T10:00:00",
        "0001-01-02T10:00:00",
        "0001-01-02T10:00:00",
        "0001-01-02T10:00:00",
        "0001-01-02T10:00:00",
        "0001-01-02T10:00:00"
    ],
    "tw_close": [
        "0001-01-02T18:00:00",
        "0001-01-02T18:00:00",
        "0001-01-02T18:00:00",
        "0001-01-02T18:00:00",
        "0001-01-02T18:00:00",
        "0001-01-02T18:00:00",
        "0001-01-02T18:00:00",
        "0001-01-02T18:00:00",
        "0001-01-02T18:00:00",
        "0001-01-02T18:00:00",
        "0001-01-02T18:00:00",
        "0001-01-02T18:00:00",
        "0001-01-02T18:00:00",
        "0001-01-02T18:00:00",
        "0001-01-02T18:00:00",
        "0001-01-02T18:00:00",
        "0001-01-02T18:00:00",
        "0001-01-02T18:00:00"
    ],
    "_travel_duration_matrix": [
        [
            0.0,
            1455.0,
            1455.0,
            1431.0,
            1230.0,
            878.0,
            579.0,
            761.0,
            2243.0,
            2237.0,
            878.0,
            446.0,
            1838.0,
            1246.0,
            683.0,
            839.0,
            2600.0,
            1348.0
        ],
        [
            1455.0,
            0.0,
            1455.0,
            1528.0,
            1676.0,
            1258.0,
            2014.0,
            2161.0,
            831.0,
            997.0,
            1724.0,
            1738.0,
            505.0,
            506.0,
            2101.0,
            1384.0,
            1149.0,
            1752.0
        ],
        [
            1455.0,
            1455.0,
            0.0,
            102.0,
            2498.0,
            2034.0,
            1677.0,
            1676.0,
            2178.0,
            1468.0,
            2268.0,
            1313.0,
            1396.0,
            952.0,
            1683.0,
            2081.0,
            2329.0,
            434.0
        ],
        [
            1431.0,
            1528.0,
            102.0,
            0.0,
            2507.0,
            2048.0,
            1620.0,
            1608.0,
            2264.0,
            1569.0,
            2261.0,
            1260.0,
            1488.0,
            1023.0,
            1620.0,
            2088.0,
            2423.0,
            334.0
        ],
        [
            1230.0,
            1676.0,
            2498.0,
            2507.0,
            0.0,
            474.0,
            1606.0,
            1818.0,
            2124.0,
            2672.0,
            446.0,
            1657.0,
            2180.0,
            1846.0,
            1723.0,
            420.0,
            2549.0,
            2512.0
        ],
        [
            878.0,
            1258.0,
            2034.0,
            2048.0,
            474.0,
            0.0,
            1366.0,
            1576.0,
            1821.0,
            2242.0,
            494.0,
            1324.0,
            1757.0,
            1379.0,
            1484.0,
            140.0,
            2237.0,
            2075.0
        ],
        [
            579.0,
            2014.0,
            1677.0,
            1620.0,
            1606.0,
            1366.0,
            0.0,
            213.0,
            2815.0,
            2719.0,
            1176.0,
            368.0,
            2359.0,
            1741.0,
            119.0,
            1287.0,
            3163.0,
            1421.0
        ],
        [
            761.0,
            2161.0,
            1676.0,
            1608.0,
            1818.0,
            1576.0,
            213.0,
            0.0,
            2974.0,
            2812.0,
            1386.0,
            437.0,
            2478.0,
            1851.0,
            96.0,
            1499.0,
            3308.0,
            1373.0
        ],
        [
            2243.0,
            831.0,
            2178.0,
            2264.0,
            2124.0,
            1821.0,
            2815.0,
            2974.0,
            0.0,
            1089.0,
            2314.0,
            2559.0,
            811.0,
            1285.0,
            2909.0,
            1960.0,
            427.0,
            2528.0
        ],
        [
            2237.0,
            997.0,
            1468.0,
            1569.0,
            2672.0,
            2242.0,
            2719.0,
            2812.0,
            1089.0,
            0.0,
            2688.0,
            2378.0,
            494.0,
            992.0,
            2778.0,
            2360.0,
            1012.0,
            1893.0
        ],
        [
            878.0,
            1724.0,
            2268.0,
            2261.0,
            446.0,
            494.0,
            1176.0,
            1386.0,
            2314.0,
            2688.0,
            0.0,
            1270.0,
            2213.0,
            1768.0,
            1291.0,
            355.0,
            2730.0,
            2217.0
        ],
        [
            446.0,
            1738.0,
            1313.0,
            1260.0,
            1657.0,
            1324.0,
            368.0,
            437.0,
            2559.0,
            2378.0,
            1270.0,
            0.0,
            2042.0,
            1415.0,
            403.0,
            1279.0,
            2883.0,
            1084.0
        ],
        [
            1838.0,
            505.0,
            1396.0,
            1488.0,
            2180.0,
            1757.0,
            2359.0,
            2478.0,
            811.0,
            494.0,
            2213.0,
            2042.0,
            0.0,
            630.0,
            2432.0,
            1879.0,
            939.0,
            1777.0
        ],
        [
            1246.0,
            506.0,
            952.0,
            1023.0,
            1846.0,
            1379.0,
            1741.0,
            1851.0,
            1285.0,
            992.0,
            1768.0,
            1415.0,
            630.0,
            0.0,
            1809.0,
            1475.0,
            1526.0,
            1253.0
        ],
        [
            683.0,
            2101.0,
            1683.0,
            1620.0,
            1723.0,
            1484.0,
            119.0,
            96.0,
            2909.0,
            2778.0,
            1291.0,
            403.0,
            2432.0,
            1809.0,
            0.0,
            1406.0,
            3250.0,
            1400.0
        ],
        [
            839.0,
            1384.0,
            2081.0,
            2088.0,
            420.0,
            140.0,
            1287.0,
            1499.0,
            1960.0,
            2360.0,
            355.0,
            1279.0,
            1879.0,
            1475.0,
            1406.0,
            0.0,
            2375.0,
            2094.0
        ],
        [
            2600.0,
            1149.0,
            2329.0,
            2423.0,
            2549.0,
            2237.0,
            3163.0,
            3308.0,
            427.0,
            1012.0,
            2730.0,
            2883.0,
            939.0,
            1526.0,
            3250.0,
            2375.0,
            0.0,
            2715.0
        ],
        [
            1348.0,
            1752.0,
            434.0,
            334.0,
            2512.0,
            2075.0,
            1421.0,
            1373.0,
            2528.0,
            1893.0,
            2217.0,
            1084.0,
            1777.0,
            1253.0,
            1400.0,
            2094.0,
            2715.0,
            0.0
        ]
    ],
    "_travel_distance_matrix": [
        [
            0,
            13,
            13,
            12,
            11,
            8,
            5,
            7,
            19,
            19,
            8,
            4,
            16,
            11,
            6,
            7,
            22,
            12
        ],
        [
            13,
            0,
            13,
            13,
            14,
            11,
            17,
            19,
            7,
            9,
            15,
            15,
            5,
            5,
            18,
            12,
            10,
            15
        ],
        [
            13,
            13,
            0,
            1,
            21,
            17,
            14,
            14,
            19,
            13,
            19,
            11,
            12,
            8,
            15,
            18,
            20,
            4
        ],
        [
            12,
            13,
            1,
            0,
            21,
            18,
            14,
            14,
            19,
            14,
            19,
            11,
            13,
            9,
            14,
            18,
            21,
            3
        ],
        [
            11,
            14,
            21,
            21,
            0,
            4,
            14,
            16,
            18,
            23,
            4,
            14,
            19,
            16,
            15,
            4,
            22,
            21
        ],
        [
            8,
            11,
            17,
            18,
            4,
            0,
            12,
            14,
            16,
            19,
            5,
            12,
            15,
            12,
            13,
            2,
            19,
            18
        ],
        [
            5,
            17,
            14,
            14,
            14,
            12,
            0,
            2,
            24,
            23,
            10,
            4,
            20,
            15,
            1,
            11,
            27,
            12
        ],
        [
            7,
            19,
            14,
            14,
            16,
            14,
            2,
            0,
            25,
            24,
            12,
            4,
            21,
            16,
            1,
            13,
            28,
            12
        ],
        [
            19,
            7,
            19,
            19,
            18,
            16,
            24,
            25,
            0,
            10,
            20,
            22,
            7,
            11,
            25,
            17,
            4,
            22
        ],
        [
            19,
            9,
            13,
            14,
            23,
            19,
            23,
            24,
            10,
            0,
            23,
            20,
            5,
            9,
            24,
            20,
            9,
            16
        ],
        [
            8,
            15,
            19,
            19,
            4,
            5,
            10,
            12,
            20,
            23,
            0,
            11,
            19,
            15,
            11,
            3,
            23,
            19
        ],
        [
            4,
            15,
            11,
            11,
            14,
            12,
            4,
            4,
            22,
            20,
            11,
            0,
            18,
            12,
            4,
            11,
            25,
            10
        ],
        [
            16,
            5,
            12,
            13,
            19,
            15,
            20,
            21,
            7,
            5,
            19,
            18,
            0,
            6,
            21,
            16,
            8,
            15
        ],
        [
            11,
            5,
            8,
            9,
            16,
            12,
            15,
            16,
            11,
            9,
            15,
            12,
            6,
            0,
            16,
            13,
            13,
            11
        ],
        [
            6,
            18,
            15,
            14,
            15,
            13,
            1,
            1,
            25,
            24,
            11,
            4,
            21,
            16,
            0,
            12,
            28,
            12
        ],
        [
            7,
            12,
            18,
            18,
            4,
            2,
            11,
            13,
            17,
            20,
            3,
            11,
            16,
            13,
            12,
            0,
            20,
            18
        ],
        [
            22,
            10,
            20,
            21,
            22,
            19,
            27,
            28,
            4,
            9,
            23,
            25,
            8,
            13,
            28,
            20,
            0,
            23
        ],
        [
            12,
            15,
            4,
            3,
            21,
            18,
            12,
            12,
            22,
            16,
            19,
            10,
            15,
            11,
            12,
            18,
            23,
            0
        ]
    ]
}