{
    "_id_": "t=euclidean+d=7+c=3+n=10+v=3+o=100+r=03",
    "meta": {
        "t": "euclidean",
        "d": 7,
        "c": 3,
        "n": 10,
        "v": 3,
        "o": 100,
        "r": 3
    },
    "num_carriers": 3,
    "max_vehicle_load": 999999999,
    "max_tour_distance": 999999999,
    "max_tour_duration": 999999999,
    "carriers_max_num_tours": 3,
    "requests": [
        0,
        1,
        2,
        3,
        4,
        5,
        6,
        7,
        8,
        9,
        10,
        11,
        12,
        13,
        14,
        15,
        16,
        17,
        18,
        19,
        20,
        21,
        22,
        23,
        24,
        25,
        26,
        27,
        28,
        29
    ],
    "num_requests": 30,
    "num_requests_per_carrier": 10,
    "vertex_x_coords": [
        19.5,
        9.000000000000002,
        8.999999999999996,
        23.906009984365244,
        20.475437769563182,
        18.91592457713692,
        14.084909668802625,
        13.997864203027136,
        3.3798851366241194,
        4.944119221906007,
        15.287265918838644,
        3.1795805518855857,
        5.957517388960709,
        13.256054830139735,
        16.319450113840546,
        24.959938226862693,
        17.31952312974915,
        24.312460491916795,
        3.3235333052899776,
        15.430908484696937,
        1.2002352408380823,
        23.5519256676692,
        15.182353034321538,
        8.548069727676,
        5.02648574278774,
        12.36410728008805,
        19.245610301321687,
        13.03783022759667,
        12.310815996747424,
        22.006061766518712,
        2.2687529792009666,
        20.155906401302857,
        9.059864881188739
    ],
    "vertex_y_coords": [
        12.5,
        18.562177826491073,
        6.4378221735089305,
        18.30280531194383,
        3.588857801870751,
        0.5968869968932755,
        0.41695902001779583,
        24.43256340917732,
        22.02363158798732,
        16.778616266553776,
        9.034686153757635,
        4.494192906637701,
        24.0326860608991,
        2.157959349881727,
        0.6635593952952795,
        18.173565529938596,
        10.933639782212278,
        21.10316190847846,
        5.716152557071435,
        15.295211448122197,
        22.344287782777958,
        13.328891670118912,
        14.758842431280794,
        14.7441201483126,
        7.56776080182468,
        3.570740765898195,
        1.9857327572716965,
        3.0539632714375986,
        3.7528744252788626,
        2.1937923399839883,
        19.337912904555054,
        10.206929120756703,
        23.4401537224718
    ],
    "request_to_carrier_assignment": [
        0,
        0,
        0,
        0,
        0,
        0,
        0,
        0,
        0,
        0,
        1,
        1,
        1,
        1,
        1,
        1,
        1,
        1,
        1,
        1,
        2,
        2,
        2,
        2,
        2,
        2,
        2,
        2,
        2,
        2
    ],
    "request_disclosure_time": [
        "0001-01-01T00:00:00",
        "0001-01-01T03:24:00",
        "0001-01-01T06:48:00",
        "0001-01-01T10:12:00",
        "0001-01-01T13:36:00",
        "0001-01-01T17:00:00",
        "0001-01-01T20:24:00",
        "0001-01-01T23:48:00",
        "0001-01-02T03:12:00",
        "0001-01-02T06:36:00",
        "0001-01-01T00:00:00",
        "0001-01-01T03:24:00",
        "0001-01-01T06:48:00",
        "0001-01-01T10:12:00",
        "0001-01-01T13:36:00",
        "0001-01-01T17:00:00",
        "0001-01-01T20:24:00",
        "0001-01-01T23:48:00",
        "0001-01-02T03:12:00",
        "0001-01-02T06:36:00",
        "0001-01-01T00:00:00",
        "0001-01-01T03:24:00",
        "0001-01-01T06:48:00",
        "0001-01-01T10:12:00",
        "0001-01-01T13:36:00",
        "0001-01-01T17:00:00",
        "0001-01-01T20:24:00",
        "0001-01-01T23:48:00",
        "0001-01-02T03:12:00",
        "0001-01-02T06:36:00"
    ],
    "vertex_revenue": [
        0,
        0,
        0,
        1,
        1,
        1,
        1,
        1,
        1,
        1,
        1,
        1,
        1,
        1,
        1,
        1,
        1,
        1,
        1,
        1,
        1,
        1,
        1,
        1,
        1,
        1,
        1,
        1,
        1,
        1,
        1,
        1,
        1
    ],
    "vertex_load": [
        0,
        0,
        0,
        1,
        1,
        1,
        1,
        1,
        1,
        1,
        1,
        1,
        1,
        1,
        1,
        1,
        1,
        1,
        1,
        1,
        1,
        1,
        1,
        1,
        1,
        1,
        1,
        1,
        1,
        1,
        1,
        1,
        1
    ],
    "vertex_service_duration": [
        0,
        0,
        0,
        240.0,
        240.0,
        240.0,
        240.0,
        240.0,
        240.0,
        240.0,
        240.0,
        240.0,
        240.0,
        240.0,
        240.0,
        240.0,
        240.0,
        240.0,
        240.0,
        240.0,
        240.0,
        240.0,
        240.0,
        240.0,
        240.0,
        240.0,
        240.0,
        240.0,
        240.0,
        240.0,
        240.0,
        240.0,
        240.0
    ],
    "tw_open": [
        "0001-01-02T10:00:00",
        "0001-01-02T10:00:00",
        "0001-01-02T10:00:00",
        "0001-01-02T10:00:00",
        "0001-01-02T10:00:00",
        "0001-01-02T10:00:00",
        "0001-01-02T10:00:00",
        "0001-01-02T10:00:00",
        "0001-01-02T10:00:00",
        "0001-01-02T10:00:00",
        "0001-01-02T10:00:00",
        "0001-01-02T10:00:00",
        "0001-01-02T10:00:00",
        "0001-01-02T10:00:00",
        "0001-01-02T10:00:00",
        "0001-01-02T10:00:00",
        "0001-01-02T10:00:00",
        "0001-01-02T10:00:00",
        "0001-01-02T10:00:00",
        "0001-01-02T10:00:00",
        "0001-01-02T10:00:00",
        "0001-01-02T10:00:00",
        "0001-01-02T10:00:00",
        "0001-01-02T10:00:00",
        "0001-01-02T10:00:00",
        "0001-01-02T10:00:00",
        "0001-01-02T10:00:00",
        "0001-01-02T10:00:00",
        "0001-01-02T10:00:00",
        "0001-01-02T10:00:00",
        "0001-01-02T10:00:00",
        "0001-01-02T10:00:00",
        "0001-01-02T10:00:00"
    ],
    "tw_close": [
        "0001-01-02T18:00:00",
        "0001-01-02T18:00:00",
        "0001-01-02T18:00:00",
        "0001-01-02T18:00:00",
        "0001-01-02T18:00:00",
        "0001-01-02T18:00:00",
        "0001-01-02T18:00:00",
        "0001-01-02T18:00:00",
        "0001-01-02T18:00:00",
        "0001-01-02T18:00:00",
        "0001-01-02T18:00:00",
        "0001-01-02T18:00:00",
        "0001-01-02T18:00:00",
        "0001-01-02T18:00:00",
        "0001-01-02T18:00:00",
        "0001-01-02T18:00:00",
        "0001-01-02T18:00:00",
        "0001-01-02T18:00:00",
        "0001-01-02T18:00:00",
        "0001-01-02T18:00:00",
        "0001-01-02T18:00:00",
        "0001-01-02T18:00:00",
        "0001-01-02T18:00:00",
        "0001-01-02T18:00:00",
        "0001-01-02T18:00:00",
        "0001-01-02T18:00:00",
        "0001-01-02T18:00:00",
        "0001-01-02T18:00:00",
        "0001-01-02T18:00:00",
        "0001-01-02T18:00:00",
        "0001-01-02T18:00:00",
        "0001-01-02T18:00:00",
        "0001-01-02T18:00:00"
    ],
    "_travel_duration_matrix": [
        [
            0.0,
            1455.0,
            1455.0,
            875.0,
            1076.0,
            1431.0,
            1589.0,
            1577.0,
            2247.0,
            1821.0,
            655.0,
            2182.0,
            2135.0,
            1450.0,
            1471.0,
            945.0,
            323.0,
            1183.0,
            2105.0,
            593.0,
            2494.0,
            497.0,
            585.0,
            1342.0,
            1835.0,
            1372.0,
            1263.0,
            1374.0,
            1359.0,
            1273.0,
            2225.0,
            287.0,
            1815.0
        ],
        [
            1455.0,
            0.0,
            1455.0,
            1789.0,
            2264.0,
            2463.0,
            2262.0,
            926.0,
            793.0,
            532.0,
            1370.0,
            1827.0,
            752.0,
            2034.0,
            2321.0,
            1916.0,
            1355.0,
            1863.0,
            1686.0,
            866.0,
            1041.0,
            1856.0,
            872.0,
            462.0,
            1403.0,
            1844.0,
            2339.0,
            1924.0,
            1821.0,
            2509.0,
            814.0,
            1673.0,
            586.0
        ],
        [
            1455.0,
            1455.0,
            0.0,
            2287.0,
            1419.0,
            1382.0,
            946.0,
            2242.0,
            1989.0,
            1333.0,
            817.0,
            737.0,
            2143.0,
            725.0,
            1119.0,
            2378.0,
            1135.0,
            2545.0,
            687.0,
            1314.0,
            2126.0,
            1933.0,
            1244.0,
            999.0,
            496.0,
            531.0,
            1341.0,
            633.0,
            512.0,
            1642.0,
            1747.0,
            1414.0,
            2041.0
        ],
        [
            875.0,
            1789.0,
            2287.0,
            0.0,
            1814.0,
            2208.0,
            2449.0,
            1399.0,
            2504.0,
            2283.0,
            1519.0,
            2989.0,
            2261.0,
            2321.0,
            2305.0,
            128.0,
            1187.0,
            340.0,
            2896.0,
            1080.0,
            2768.0,
            599.0,
            1130.0,
            1892.0,
            2607.0,
            2246.0,
            2037.0,
            2248.0,
            2233.0,
            1947.0,
            2600.0,
            1071.0,
            1886.0
        ],
        [
            1076.0,
            2264.0,
            1419.0,
            1814.0,
            0.0,
            405.0,
            857.0,
            2620.0,
            3017.0,
            2446.0,
            903.0,
            2079.0,
            3009.0,
            884.0,
            610.0,
            1832.0,
            960.0,
            2152.0,
            2074.0,
            1530.0,
            3228.0,
            1226.0,
            1484.0,
            1960.0,
            1915.0,
            974.0,
            243.0,
            895.0,
            980.0,
            249.0,
            2889.0,
            796.0,
            2748.0
        ],
        [
            1431.0,
            2463.0,
            1382.0,
            2208.0,
            405.0,
            0.0,
            581.0,
            2921.0,
            3176.0,
            2566.0,
            1103.0,
            1946.0,
            3214.0,
            705.0,
            312.0,
            2231.0,
            1256.0,
            2545.0,
            1970.0,
            1813.0,
            3366.0,
            1626.0,
            1758.0,
            2105.0,
            1865.0,
            864.0,
            172.0,
            765.0,
            879.0,
            418.0,
            3009.0,
            1163.0,
            2986.0
        ],
        [
            1589.0,
            2262.0,
            946.0,
            2449.0,
            857.0,
            581.0,
            0.0,
            2882.0,
            2894.0,
            2250.0,
            1045.0,
            1398.0,
            2998.0,
            232.0,
            270.0,
            2499.0,
            1321.0,
            2770.0,
            1440.0,
            1793.0,
            3052.0,
            1922.0,
            1727.0,
            1844.0,
            1385.0,
            432.0,
            648.0,
            341.0,
            454.0,
            975.0,
            2677.0,
            1383.0,
            2828.0
        ],
        [
            1577.0,
            926.0,
            2242.0,
            1399.0,
            2620.0,
            2921.0,
            2882.0,
            0.0,
            1307.0,
            1423.0,
            1855.0,
            2723.0,
            967.0,
            2675.0,
            2866.0,
            1515.0,
            1669.0,
            1301.0,
            2586.0,
            1110.0,
            1557.0,
            1758.0,
            1170.0,
            1334.0,
            2293.0,
            2512.0,
            2767.0,
            2569.0,
            2490.0,
            2837.0,
            1535.0,
            1861.0,
            605.0
        ],
        [
            2247.0,
            793.0,
            1989.0,
            2504.0,
            3017.0,
            3176.0,
            2894.0,
            1307.0,
            0.0,
            657.0,
            2115.0,
            2104.0,
            393.0,
            2663.0,
            2997.0,
            2631.0,
            2138.0,
            2515.0,
            1957.0,
            1657.0,
            265.0,
            2636.0,
            1664.0,
            1072.0,
            1746.0,
            2463.0,
            3068.0,
            2555.0,
            2441.0,
            3265.0,
            349.0,
            2463.0,
            703.0
        ],
        [
            1821.0,
            532.0,
            1333.0,
            2283.0,
            2446.0,
            2566.0,
            2250.0,
            1423.0,
            657.0,
            0.0,
            1551.0,
            1490.0,
            879.0,
            2019.0,
            2368.0,
            2408.0,
            1643.0,
            2382.0,
            1342.0,
            1271.0,
            805.0,
            2271.0,
            1253.0,
            497.0,
            1106.0,
            1818.0,
            2470.0,
            1913.0,
            1796.0,
            2694.0,
            445.0,
            1989.0,
            940.0
        ],
        [
            655.0,
            1370.0,
            817.0,
            1519.0,
            903.0,
            1103.0,
            1045.0,
            1855.0,
            2115.0,
            1551.0,
            0.0,
            1552.0,
            2120.0,
            861.0,
            1013.0,
            1597.0,
            334.0,
            1809.0,
            1490.0,
            752.0,
            2326.0,
            1118.0,
            688.0,
            1060.0,
            1244.0,
            744.0,
            971.0,
            767.0,
            728.0,
            1151.0,
            1993.0,
            601.0,
            1884.0
        ],
        [
            2182.0,
            1827.0,
            737.0,
            2989.0,
            2079.0,
            1946.0,
            1398.0,
            2723.0,
            2104.0,
            1490.0,
            1552.0,
            0.0,
            2369.0,
            1242.0,
            1643.0,
            3087.0,
            1865.0,
            3226.0,
            148.0,
            1960.0,
            2156.0,
            2665.0,
            1896.0,
            1389.0,
            431.0,
            1108.0,
            1952.0,
            1196.0,
            1100.0,
            2276.0,
            1785.0,
            2150.0,
            2381.0
        ],
        [
            2135.0,
            752.0,
            2143.0,
            2261.0,
            3009.0,
            3214.0,
            2998.0,
            967.0,
            393.0,
            879.0,
            2120.0,
            2369.0,
            0.0,
            2768.0,
            3068.0,
            2387.0,
            2081.0,
            2231.0,
            2221.0,
            1547.0,
            606.0,
            2472.0,
            1570.0,
            1158.0,
            1979.0,
            2573.0,
            3090.0,
            2657.0,
            2551.0,
            3253.0,
            717.0,
            2379.0,
            380.0
        ],
        [
            1450.0,
            2034.0,
            725.0,
            2321.0,
            884.0,
            705.0,
            232.0,
            2675.0,
            2663.0,
            2019.0,
            861.0,
            1242.0,
            2768.0,
            0.0,
            410.0,
            2381.0,
            1161.0,
            2633.0,
            1267.0,
            1598.0,
            2822.0,
            1824.0,
            1530.0,
            1613.0,
            1182.0,
            201.0,
            720.0,
            111.0,
            223.0,
            1051.0,
            2448.0,
            1273.0,
            2604.0
        ],
        [
            1471.0,
            2321.0,
            1119.0,
            2305.0,
            610.0,
            312.0,
            270.0,
            2866.0,
            2997.0,
            2368.0,
            1013.0,
            1643.0,
            3068.0,
            410.0,
            0.0,
            2344.0,
            1239.0,
            2634.0,
            1674.0,
            1760.0,
            3172.0,
            1751.0,
            1697.0,
            1930.0,
            1589.0,
            590.0,
            386.0,
            488.0,
            608.0,
            707.0,
            2805.0,
            1235.0,
            2869.0
        ],
        [
            945.0,
            1916.0,
            2378.0,
            128.0,
            1832.0,
            2231.0,
            2499.0,
            1515.0,
            2631.0,
            2408.0,
            1597.0,
            3087.0,
            2387.0,
            2381.0,
            2344.0,
            0.0,
            1264.0,
            361.0,
            2996.0,
            1195.0,
            2895.0,
            606.0,
            1243.0,
            2012.0,
            2710.0,
            2315.0,
            2061.0,
            2311.0,
            2302.0,
            1951.0,
            2727.0,
            1117.0,
            2010.0
        ],
        [
            323.0,
            1355.0,
            1135.0,
            1187.0,
            960.0,
            1256.0,
            1321.0,
            1669.0,
            2138.0,
            1643.0,
            334.0,
            1865.0,
            2081.0,
            1161.0,
            1239.0,
            1264.0,
            0.0,
            1482.0,
            1793.0,
            571.0,
            2370.0,
            802.0,
            526.0,
            1148.0,
            1530.0,
            1066.0,
            1099.0,
            1077.0,
            1051.0,
            1191.0,
            2069.0,
            352.0,
            1799.0
        ],
        [
            1183.0,
            1863.0,
            2545.0,
            340.0,
            2152.0,
            2545.0,
            2770.0,
            1301.0,
            2515.0,
            2382.0,
            1809.0,
            3226.0,
            2231.0,
            2633.0,
            2634.0,
            361.0,
            1482.0,
            0.0,
            3123.0,
            1274.0,
            2778.0,
            938.0,
            1335.0,
            2040.0,
            2828.0,
            2547.0,
            2374.0,
            2554.0,
            2532.0,
            2286.0,
            2654.0,
            1400.0,
            1852.0
        ],
        [
            2105.0,
            1686.0,
            687.0,
            2896.0,
            2074.0,
            1970.0,
            1440.0,
            2586.0,
            1957.0,
            1342.0,
            1490.0,
            148.0,
            2221.0,
            1267.0,
            1674.0,
            2996.0,
            1793.0,
            3123.0,
            0.0,
            1853.0,
            2012.0,
            2594.0,
            1790.0,
            1252.0,
            302.0,
            1115.0,
            1963.0,
            1209.0,
            1104.0,
            2282.0,
            1640.0,
            2091.0,
            2236.0
        ],
        [
            593.0,
            866.0,
            1314.0,
            1080.0,
            1530.0,
            1813.0,
            1793.0,
            1110.0,
            1657.0,
            1271.0,
            752.0,
            1960.0,
            1547.0,
            1598.0,
            1760.0,
            1195.0,
            571.0,
            1274.0,
            1853.0,
            0.0,
            1906.0,
            1003.0,
            71.0,
            829.0,
            1556.0,
            1455.0,
            1662.0,
            1497.0,
            1435.0,
            1760.0,
            1653.0,
            834.0,
            1241.0
        ],
        [
            2494.0,
            1041.0,
            2126.0,
            2768.0,
            3228.0,
            3366.0,
            3052.0,
            1557.0,
            265.0,
            805.0,
            2326.0,
            2156.0,
            606.0,
            2822.0,
            3172.0,
            2895.0,
            2370.0,
            2778.0,
            2012.0,
            1906.0,
            0.0,
            2893.0,
            1909.0,
            1269.0,
            1832.0,
            2622.0,
            3265.0,
            2716.0,
            2600.0,
            3476.0,
            383.0,
            2702.0,
            953.0
        ],
        [
            497.0,
            1856.0,
            1933.0,
            599.0,
            1226.0,
            1626.0,
            1922.0,
            1758.0,
            2636.0,
            2271.0,
            1118.0,
            2665.0,
            2472.0,
            1824.0,
            1751.0,
            606.0,
            802.0,
            938.0,
            2594.0,
            1003.0,
            2893.0,
            0.0,
            1019.0,
            1809.0,
            2329.0,
            1782.0,
            1456.0,
            1765.0,
            1773.0,
            1350.0,
            2654.0,
            554.0,
            2121.0
        ],
        [
            585.0,
            872.0,
            1244.0,
            1130.0,
            1484.0,
            1758.0,
            1727.0,
            1170.0,
            1664.0,
            1253.0,
            688.0,
            1896.0,
            1570.0,
            1530.0,
            1697.0,
            1243.0,
            526.0,
            1335.0,
            1790.0,
            71.0,
            1909.0,
            1019.0,
            0.0,
            797.0,
            1494.0,
            1385.0,
            1609.0,
            1428.0,
            1365.0,
            1716.0,
            1645.0,
            810.0,
            1275.0
        ],
        [
            1342.0,
            462.0,
            999.0,
            1892.0,
            1960.0,
            2105.0,
            1844.0,
            1334.0,
            1072.0,
            497.0,
            1060.0,
            1389.0,
            1158.0,
            1613.0,
            1930.0,
            2012.0,
            1148.0,
            2040.0,
            1252.0,
            829.0,
            1269.0,
            1809.0,
            797.0,
            0.0,
            960.0,
            1417.0,
            1998.0,
            1503.0,
            1395.0,
            2209.0,
            934.0,
            1496.0,
            1046.0
        ],
        [
            1835.0,
            1403.0,
            496.0,
            2607.0,
            1915.0,
            1865.0,
            1385.0,
            2293.0,
            1746.0,
            1106.0,
            1244.0,
            431.0,
            1979.0,
            1182.0,
            1589.0,
            2710.0,
            1530.0,
            2828.0,
            302.0,
            1556.0,
            1832.0,
            2329.0,
            1494.0,
            960.0,
            0.0,
            1003.0,
            1834.0,
            1104.0,
            987.0,
            2138.0,
            1451.0,
            1843.0,
            1966.0
        ],
        [
            1372.0,
            1844.0,
            531.0,
            2246.0,
            974.0,
            864.0,
            432.0,
            2512.0,
            2463.0,
            1818.0,
            744.0,
            1108.0,
            2573.0,
            201.0,
            590.0,
            2315.0,
            1066.0,
            2547.0,
            1115.0,
            1455.0,
            2622.0,
            1782.0,
            1385.0,
            1417.0,
            1003.0,
            0.0,
            848.0,
            102.0,
            23.0,
            1169.0,
            2247.0,
            1229.0,
            2418.0
        ],
        [
            1263.0,
            2339.0,
            1341.0,
            2037.0,
            243.0,
            172.0,
            648.0,
            2767.0,
            3068.0,
            2470.0,
            971.0,
            1952.0,
            3090.0,
            720.0,
            386.0,
            2061.0,
            1099.0,
            2374.0,
            1963.0,
            1662.0,
            3265.0,
            1456.0,
            1609.0,
            1998.0,
            1834.0,
            848.0,
            0.0,
            756.0,
            859.0,
            333.0,
            2914.0,
            993.0,
            2850.0
        ],
        [
            1374.0,
            1924.0,
            633.0,
            2248.0,
            895.0,
            765.0,
            341.0,
            2569.0,
            2555.0,
            1913.0,
            767.0,
            1196.0,
            2657.0,
            111.0,
            488.0,
            2311.0,
            1077.0,
            2554.0,
            1209.0,
            1497.0,
            2716.0,
            1765.0,
            1428.0,
            1503.0,
            1104.0,
            102.0,
            756.0,
            0.0,
            122.0,
            1082.0,
            2343.0,
            1211.0,
            2493.0
        ],
        [
            1359.0,
            1821.0,
            512.0,
            2233.0,
            980.0,
            879.0,
            454.0,
            2490.0,
            2441.0,
            1796.0,
            728.0,
            1100.0,
            2551.0,
            223.0,
            608.0,
            2302.0,
            1051.0,
            2532.0,
            1104.0,
            1435.0,
            2600.0,
            1773.0,
            1365.0,
            1395.0,
            987.0,
            23.0,
            859.0,
            122.0,
            0.0,
            1179.0,
            2225.0,
            1220.0,
            2395.0
        ],
        [
            1273.0,
            2509.0,
            1642.0,
            1947.0,
            249.0,
            418.0,
            975.0,
            2837.0,
            3265.0,
            2694.0,
            1151.0,
            2276.0,
            3253.0,
            1051.0,
            707.0,
            1951.0,
            1191.0,
            2286.0,
            2282.0,
            1760.0,
            3476.0,
            1350.0,
            1716.0,
            2209.0,
            2138.0,
            1169.0,
            333.0,
            1082.0,
            1179.0,
            0.0,
            3138.0,
            987.0,
            2986.0
        ],
        [
            2225.0,
            814.0,
            1747.0,
            2600.0,
            2889.0,
            3009.0,
            2677.0,
            1535.0,
            349.0,
            445.0,
            1993.0,
            1785.0,
            717.0,
            2448.0,
            2805.0,
            2727.0,
            2069.0,
            2654.0,
            1640.0,
            1653.0,
            383.0,
            2654.0,
            1645.0,
            934.0,
            1451.0,
            2247.0,
            2914.0,
            2343.0,
            2225.0,
            3138.0,
            0.0,
            2410.0,
            953.0
        ],
        [
            287.0,
            1673.0,
            1414.0,
            1071.0,
            796.0,
            1163.0,
            1383.0,
            1861.0,
            2463.0,
            1989.0,
            601.0,
            2150.0,
            2379.0,
            1273.0,
            1235.0,
            1117.0,
            352.0,
            1400.0,
            2091.0,
            834.0,
            2702.0,
            554.0,
            810.0,
            1496.0,
            1843.0,
            1229.0,
            993.0,
            1211.0,
            1220.0,
            987.0,
            2410.0,
            0.0,
            2073.0
        ],
        [
            1815.0,
            586.0,
            2041.0,
            1886.0,
            2748.0,
            2986.0,
            2828.0,
            605.0,
            703.0,
            940.0,
            1884.0,
            2381.0,
            380.0,
            2604.0,
            2869.0,
            2010.0,
            1799.0,
            1852.0,
            2236.0,
            1241.0,
            953.0,
            2121.0,
            1275.0,
            1046.0,
            1966.0,
            2418.0,
            2850.0,
            2493.0,
            2395.0,
            2986.0,
            953.0,
            2073.0,
            0.0
        ]
    ],
    "_travel_distance_matrix": [
        [
            0,
            13,
            13,
            8,
            9,
            12,
            14,
            14,
            19,
            16,
            6,
            19,
            18,
            13,
            13,
            8,
            3,
            10,
            18,
            5,
            21,
            5,
            5,
            12,
            16,
            12,
            11,
            12,
            12,
            11,
            19,
            3,
            16
        ],
        [
            13,
            0,
            13,
            15,
            19,
            21,
            19,
            8,
            7,
            5,
            12,
            16,
            7,
            17,
            20,
            16,
            12,
            16,
            15,
            8,
            9,
            16,
            8,
            4,
            12,
            16,
            20,
            17,
            16,
            21,
            7,
            14,
            5
        ],
        [
            13,
            13,
            0,
            20,
            12,
            12,
            8,
            19,
            17,
            12,
            7,
            7,
            18,
            7,
            10,
            20,
            10,
            22,
            6,
            11,
            18,
            17,
            11,
            9,
            5,
            5,
            12,
            6,
            5,
            14,
            15,
            12,
            18
        ],
        [
            8,
            15,
            20,
            0,
            16,
            19,
            21,
            12,
            21,
            20,
            13,
            25,
            19,
            20,
            20,
            2,
            10,
            3,
            25,
            9,
            24,
            5,
            10,
            16,
            22,
            19,
            17,
            19,
            19,
            17,
            22,
            9,
            16
        ],
        [
            9,
            19,
            12,
            16,
            0,
            4,
            8,
            22,
            26,
            21,
            8,
            18,
            26,
            8,
            6,
            16,
            8,
            18,
            18,
            13,
            27,
            11,
            13,
            17,
            16,
            9,
            3,
            8,
            9,
            3,
            25,
            7,
            23
        ],
        [
            12,
            21,
            12,
            19,
            4,
            0,
            5,
            25,
            27,
            22,
            10,
            17,
            27,
            6,
            3,
            19,
            11,
            22,
            17,
            16,
            29,
            14,
            15,
            18,
            16,
            8,
            2,
            7,
            8,
            4,
            26,
            10,
            25
        ],
        [
            14,
            19,
            8,
            21,
            8,
            5,
            0,
            25,
            25,
            19,
            9,
            12,
            25,
            2,
            3,
            21,
            12,
            24,
            12,
            15,
            26,
            17,
            15,
            16,
            12,
            4,
            6,
            3,
            4,
            9,
            23,
            12,
            24
        ],
        [
            14,
            8,
            19,
            12,
            22,
            25,
            25,
            0,
            11,
            12,
            16,
            23,
            9,
            23,
            24,
            13,
            14,
            11,
            22,
            10,
            13,
            15,
            10,
            12,
            20,
            21,
            24,
            22,
            21,
            24,
            13,
            16,
            6
        ],
        [
            19,
            7,
            17,
            21,
            26,
            27,
            25,
            11,
            0,
            6,
            18,
            18,
            4,
            23,
            25,
            22,
            18,
            21,
            17,
            14,
            3,
            22,
            14,
            9,
            15,
            21,
            26,
            22,
            21,
            28,
            3,
            21,
            6
        ],
        [
            16,
            5,
            12,
            20,
            21,
            22,
            19,
            12,
            6,
            0,
            13,
            13,
            8,
            17,
            20,
            21,
            14,
            20,
            12,
            11,
            7,
            19,
            11,
            5,
            10,
            16,
            21,
            16,
            15,
            23,
            4,
            17,
            8
        ],
        [
            6,
            12,
            7,
            13,
            8,
            10,
            9,
            16,
            18,
            13,
            0,
            13,
            18,
            8,
            9,
            14,
            3,
            16,
            13,
            7,
            20,
            10,
            6,
            9,
            11,
            7,
            9,
            7,
            7,
            10,
            17,
            6,
            16
        ],
        [
            19,
            16,
            7,
            25,
            18,
            17,
            12,
            23,
            18,
            13,
            13,
            0,
            20,
            11,
            14,
            26,
            16,
            27,
            2,
            17,
            18,
            23,
            16,
            12,
            4,
            10,
            17,
            10,
            10,
            19,
            15,
            18,
            20
        ],
        [
            18,
            7,
            18,
            19,
            26,
            27,
            25,
            9,
            4,
            8,
            18,
            20,
            0,
            24,
            26,
            20,
            18,
            19,
            19,
            13,
            6,
            21,
            14,
            10,
            17,
            22,
            26,
            23,
            22,
            28,
            6,
            20,
            4
        ],
        [
            13,
            17,
            7,
            20,
            8,
            6,
            2,
            23,
            23,
            17,
            8,
            11,
            24,
            0,
            4,
            20,
            10,
            22,
            11,
            14,
            24,
            16,
            13,
            14,
            10,
            2,
            6,
            1,
            2,
            9,
            21,
            11,
            22
        ],
        [
            13,
            20,
            10,
            20,
            6,
            3,
            3,
            24,
            25,
            20,
            9,
            14,
            26,
            4,
            0,
            20,
            11,
            22,
            14,
            15,
            27,
            15,
            15,
            17,
            14,
            5,
            4,
            5,
            6,
            6,
            24,
            11,
            24
        ],
        [
            8,
            16,
            20,
            2,
            16,
            19,
            21,
            13,
            22,
            21,
            14,
            26,
            20,
            20,
            20,
            0,
            11,
            4,
            25,
            10,
            25,
            6,
            11,
            17,
            23,
            20,
            18,
            20,
            20,
            17,
            23,
            10,
            17
        ],
        [
            3,
            12,
            10,
            10,
            8,
            11,
            12,
            14,
            18,
            14,
            3,
            16,
            18,
            10,
            11,
            11,
            0,
            13,
            15,
            5,
            20,
            7,
            5,
            10,
            13,
            9,
            10,
            9,
            9,
            10,
            18,
            3,
            15
        ],
        [
            10,
            16,
            22,
            3,
            18,
            22,
            24,
            11,
            21,
            20,
            16,
            27,
            19,
            22,
            22,
            4,
            13,
            0,
            27,
            11,
            24,
            8,
            12,
            17,
            24,
            22,
            20,
            22,
            22,
            20,
            23,
            12,
            16
        ],
        [
            18,
            15,
            6,
            25,
            18,
            17,
            12,
            22,
            17,
            12,
            13,
            2,
            19,
            11,
            14,
            25,
            15,
            27,
            0,
            16,
            17,
            22,
            15,
            11,
            3,
            10,
            17,
            11,
            10,
            20,
            14,
            18,
            19
        ],
        [
            5,
            8,
            11,
            9,
            13,
            16,
            15,
            10,
            14,
            11,
            7,
            17,
