{
    "_id_": "t=euclidean+d=7+c=3+n=05+v=3+o=100+r=17",
    "meta": {
        "t": "euclidean",
        "d": 7,
        "c": 3,
        "n": 5,
        "v": 3,
        "o": 100,
        "r": 17
    },
    "num_carriers": 3,
    "max_vehicle_load": 999999999,
    "max_tour_distance": 999999999,
    "max_tour_duration": 999999999,
    "carriers_max_num_tours": 3,
    "requests": [
        0,
        1,
        2,
        3,
        4,
        5,
        6,
        7,
        8,
        9,
        10,
        11,
        12,
        13,
        14
    ],
    "num_requests": 15,
    "num_requests_per_carrier": 5,
    "vertex_x_coords": [
        19.5,
        9.000000000000002,
        8.999999999999996,
        16.479482523339183,
        10.839173307724383,
        1.9925582425735722,
        23.014558084622443,
        12.766058294310684,
        21.746396267877802,
        20.49031437115749,
        2.6931633323118738,
        24.45554919326853,
        7.785609169674023,
        24.82428119760587,
        13.430877025710702,
        7.340385971230759,
        14.513026368386853,
        9.408056754631147
    ],
    "vertex_y_coords": [
        12.5,
        18.562177826491073,
        6.4378221735089305,
        11.80290628537134,
        10.098348372523091,
        14.662432590613223,
        21.0718460790907,
        10.31893811278678,
        8.656978675540794,
        17.46273944429789,
        6.277909203928211,
        1.16827116235112,
        0.6057343405234422,
        24.15408166160901,
        24.726485747159163,
        1.4842089600750563,
        6.112081770077335,
        9.611807437842716
    ],
    "request_to_carrier_assignment": [
        0,
        0,
        0,
        0,
        0,
        1,
        1,
        1,
        1,
        1,
        2,
        2,
        2,
        2,
        2
    ],
    "request_disclosure_time": [
        "0001-01-01T00:00:00",
        "0001-01-01T06:48:00",
        "0001-01-01T13:36:00",
        "0001-01-01T20:24:00",
        "0001-01-02T03:12:00",
        "0001-01-01T00:00:00",
        "0001-01-01T06:48:00",
        "0001-01-01T13:36:00",
        "0001-01-01T20:24:00",
        "0001-01-02T03:12:00",
        "0001-01-01T00:00:00",
        "0001-01-01T06:48:00",
        "0001-01-01T13:36:00",
        "0001-01-01T20:24:00",
        "0001-01-02T03:12:00"
    ],
    "vertex_revenue": [
        0,
        0,
        0,
        1,
        1,
        1,
        1,
        1,
        1,
        1,
        1,
        1,
        1,
        1,
        1,
        1,
        1,
        1
    ],
    "vertex_load": [
        0,
        0,
        0,
        1,
        1,
        1,
        1,
        1,
        1,
        1,
        1,
        1,
        1,
        1,
        1,
        1,
        1,
        1
    ],
    "vertex_service_duration": [
        0,
        0,
        0,
        240.0,
        240.0,
        240.0,
        240.0,
        240.0,
        240.0,
        240.0,
        240.0,
        240.0,
        240.0,
        240.0,
        240.0,
        240.0,
        240.0,
        240.0
    ],
    "tw_open": [
        "0001-01-02T10:00:00",
        "0001-01-02T10:00:00",
        "0001-01-02T10:00:00",
        "0001-01-02T10:00:00",
        "0001-01-02T10:00:00",
        "0001-01-02T10:00:00",
        "0001-01-02T10:00:00",
        "0001-01-02T10:00:00",
        "0001-01-02T10:00:00",
        "0001-01-02T10:00:00",
        "0001-01-02T10:00:00",
        "0001-01-02T10:00:00",
        "0001-01-02T10:00:00",
        "0001-01-02T10:00:00",
        "0001-01-02T10:00:00",
        "0001-01-02T10:00:00",
        "0001-01-02T10:00:00",
        "0001-01-02T10:00:00"
    ],
    "tw_close": [
        "0001-01-02T18:00:00",
        "0001-01-02T18:00:00",
        "0001-01-02T18:00:00",
        "0001-01-02T18:00:00",
        "0001-01-02T18:00:00",
        "0001-01-02T18:00:00",
        "0001-01-02T18:00:00",
        "0001-01-02T18:00:00",
        "0001-01-02T18:00:00",
        "0001-01-02T18:00:00",
        "0001-01-02T18:00:00",
        "0001-01-02T18:00:00",
        "0001-01-02T18:00:00",
        "0001-01-02T18:00:00",
        "0001-01-02T18:00:00",
        "0001-01-02T18:00:00",
        "0001-01-02T18:00:00",
        "0001-01-02T18:00:00"
    ],
    "_travel_duration_matrix": [
        [
            0.0,
            1455.0,
            1455.0,
            372.0,
            1079.0,
            2117.0,
            1112.0,
            850.0,
            535.0,
            608.0,
            2151.0,
            1485.0,
            2004.0,
            1538.0,
            1638.0,
            1969.0,
            973.0,
            1260.0
        ],
        [
            1455.0,
            0.0,
            1455.0,
            1210.0,
            1040.0,
            963.0,
            1709.0,
            1088.0,
            1938.0,
            1386.0,
            1658.0,
            2793.0,
            2160.0,
            2014.0,
            911.0,
            2060.0,
            1634.0,
            1076.0
        ],
        [
            1455.0,
            1455.0,
            0.0,
            1105.0,
            492.0,
            1297.0,
            2432.0,
            649.0,
            1553.0,
            1911.0,
            758.0,
            1960.0,
            715.0,
            2851.0,
            2259.0,
            627.0,
            663.0,
            385.0
        ],
        [
            372.0,
            1210.0,
            1105.0,
            0.0,
            708.0,
            1772.0,
            1361.0,
            480.0,
            737.0,
            833.0,
            1783.0,
            1596.0,
            1702.0,
            1789.0,
            1594.0,
            1655.0,
            723.0,
            889.0
        ],
        [
            1079.0,
            1040.0,
            492.0,
            708.0,
            0.0,
            1195.0,
            1967.0,
            233.0,
            1321.0,
            1457.0,
            1080.0,
            1955.0,
            1197.0,
            2380.0,
            1783.0,
            1116.0,
            651.0,
            182.0
        ],
        [
            2117.0,
            963.0,
            1297.0,
            1772.0,
            1195.0,
            0.0,
            2638.0,
            1394.0,
            2478.0,
            2246.0,
            1010.0,
            3145.0,
            1825.0,
            2968.0,
            1829.0,
            1707.0,
            1820.0,
            1077.0
        ],
        [
            1112.0,
            1709.0,
            2432.0,
            1361.0,
            1967.0,
            2638.0,
            0.0,
            1783.0,
            1498.0,
            529.0,
            3017.0,
            2395.0,
            3062.0,
            429.0,
            1231.0,
            3011.0,
            2065.0,
            2135.0
        ],
        [
            850.0,
            1088.0,
            649.0,
            480.0,
            233.0,
            1394.0,
            1783.0,
            0.0,
            1096.0,
            1263.0,
            1303.0,
            1782.0,
            1310.0,
            2203.0,
            1731.0,
            1245.0,
            547.0,
            412.0
        ],
        [
            535.0,
            1938.0,
            1553.0,
            737.0,
            1321.0,
            2478.0,
            1498.0,
            1096.0,
            0.0,
            1068.0,
            2305.0,
            956.0,
            1934.0,
            1896.0,
            2172.0,
            1932.0,
            921.0,
            1486.0
        ],
        [
            608.0,
            1386.0,
            1911.0,
            833.0,
            1457.0,
            2246.0,
            529.0,
            1263.0,
            1068.0,
            0.0,
            2523.0,
            2013.0,
            2534.0,
            957.0,
            1216.0,
            2484.0,
            1540.0,
            1630.0
        ],
        [
            2151.0,
            1658.0,
            758.0,
            1783.0,
            1080.0,
            1010.0,
            3017.0,
            1303.0,
            2305.0,
            2523.0,
            0.0,
            2683.0,
            915.0,
            3414.0,
            2562.0,
            802.0,
            1419.0,
            900.0
        ],
        [
            1485.0,
            2793.0,
            1960.0,
            1596.0,
            1955.0,
            3145.0,
            2395.0,
            1782.0,
            956.0,
            2013.0,
            2683.0,
            0.0,
            2002.0,
            2759.0,
            3122.0,
            2055.0,
            1333.0,
            2071.0
        ],
        [
            2004.0,
            2160.0,
            715.0,
            1702.0,
            1197.0,
            1825.0,
            3062.0,
            1310.0,
            1934.0,
            2534.0,
            915.0,
            2002.0,
            0.0,
            3488.0,
            2973.0,
            119.0,
            1044.0,
            1099.0
        ],
        [
            1538.0,
            2014.0,
            2851.0,
            1789.0,
            2380.0,
            2968.0,
            429.0,
            2203.0,
            1896.0,
            957.0,
            3414.0,
            2759.0,
            3488.0,
            0.0,
            1369.0,
            3436.0,
            2494.0,
            2544.0
        ],
        [
            1638.0,
            911.0,
            2259.0,
            1594.0,
            1783.0,
            1829.0,
            1231.0,
            1731.0,
            2172.0,
            1216.0,
            2562.0,
            3122.0,
            2973.0,
            1369.0,
            0.0,
            2884.0,
            2238.0,
            1877.0
        ],
        [
            1969.0,
            2060.0,
            627.0,
            1655.0,
            1116.0,
            1707.0,
            3011.0,
            1245.0,
            1932.0,
            2484.0,
            802.0,
            2055.0,
            119.0,
            3436.0,
            2884.0,
            0.0,
            1025.0,
            1007.0
        ],
        [
            973.0,
            1634.0,
            663.0,
            723.0,
            651.0,
            1820.0,
            2065.0,
            547.0,
            921.0,
            1540.0,
            1419.0,
            1333.0,
            1044.0,
            2494.0,
            2238.0,
            1025.0,
            0.0,
            743.0
        ],
        [
            1260.0,
            1076.0,
            385.0,
            889.0,
            182.0,
            1077.0,
            2135.0,
            412.0,
            1486.0,
            1630.0,
            900.0,
            2071.0,
            1099.0,
            2544.0,
            1877.0,
            1007.0,
            743.0,
            0.0
        ]
    ],
    "_travel_distance_matrix": [
        [
            0,
            13,
            13,
            4,
            9,
            18,
            10,
            8,
            5,
            6,
            18,
            13,
            17,
            13,
            14,
            17,
            9,
            11
        ],
        [
            13,
            0,
            13,
            11,
            9,
            9,
            15,
            10,
            17,
            12,
            14,
            24,
            18,
            17,
            8,
            18,
            14,
            9
        ],
        [
            13,
            13,
            0,
            10,
            5,
            11,
            21,
            6,
            13,
            16,
            7,
            17,
            6,
            24,
            19,
            6,
            6,
            4
        ],
        [
            4,
            11,
            10,
            0,
            6,
            15,
            12,
            4,
            7,
            7,
            15,
            14,
            15,
            15,
            14,
            14,
            7,
            8
        ],
        [
            9,
            9,
            5,
            6,
            0,
            10,
            17,
            2,
            12,
            13,
            9,
            17,
            10,
            20,
            15,
            10,
            6,
            2
        ],
        [
            18,
            9,
            11,
            15,
            10,
            0,
            22,
            12,
            21,
            19,
            9,
            27,
            16,
            25,
            16,
            15,
            16,
            9
        ],
        [
            10,
            15,
            21,
            12,
            17,
            22,
            0,
            15,
            13,
            5,
            26,
            20,
            26,
            4,
            11,
            26,
            18,
            18
        ],
        [
            8,
            10,
            6,
            4,
            2,
            12,
            15,
            0,
            10,
            11,
            11,
            15,
            11,
            19,
            15,
            11,
            5,
            4
        ],
        [
            5,
            17,
            13,
            7,
            12,
            21,
            13,
            10,
            0,
            9,
            20,
            8,
            17,
            16,
            19,
            17,
            8,
            13
        ],
        [
            6,
            12,
            16,
            7,
            13,
            19,
            5,
            11,
            9,
            0,
            22,
            17,
            22,
            8,
            11,
            21,
            13,
            14
        ],
        [
            18,
            14,
            7,
            15,
            9,
            9,
            26,
            11,
            20,
            22,
            0,
            23,
            8,
            29,
            22,
            7,
            12,
            8
        ],
        [
            13,
            24,
            17,
            14,
            17,
            27,
            20,
            15,
            8,
            17,
            23,
            0,
            17,
            23,
            27,
            18,
            12,
            18
        ],
        [
            17,
            18,
            6,
            15,
            10,
            16,
            26,
            11,
            17,
            22,
            8,
            17,
            0,
            30,
            25,
            1,
            9,
            10
        ],
        [
            13,
            17,
            24,
            15,
            20,
            25,
            4,
            19,
            16,
            8,
            29,
            23,
            30,
            0,
            12,
            29,
            21,
            22
        ],
        [
            14,
            8,
            19,
            14,
            15,
            16,
            11,
            15,
            19,
            11,
            22,
            27,
            25,
            12,
            0,
            25,
            19,
            16
        ],
        [
            17,
            18,
            6,
            14,
            10,
            15,
            26,
            11,
            17,
            21,
            7,
            18,
            1,
            29,
            25,
            0,
            9,
            9
        ],
        [
            9,
            14,
            6,
            7,
            6,
            16,
            18,
            5,
            8,
            13,
            12,
            12,
            9,
            21,
            19,
            9,
            0,
            7
        ],
        [
            11,
            9,
            4,
            8,
            2,
            9,
            18,
            4,
            13,
            14,
            8,
            18,
            10,
            22,
            16,
            9,
            7,
            0
        ]
    ]
}