{
    "_id_": "t=euclidean+d=7+c=3+n=10+v=3+o=100+r=10",
    "meta": {
        "t": "euclidean",
        "d": 7,
        "c": 3,
        "n": 10,
        "v": 3,
        "o": 100,
        "r": 10
    },
    "num_carriers": 3,
    "max_vehicle_load": 999999999,
    "max_tour_distance": 999999999,
    "max_tour_duration": 999999999,
    "carriers_max_num_tours": 3,
    "requests": [
        0,
        1,
        2,
        3,
        4,
        5,
        6,
        7,
        8,
        9,
        10,
        11,
        12,
        13,
        14,
        15,
        16,
        17,
        18,
        19,
        20,
        21,
        22,
        23,
        24,
        25,
        26,
        27,
        28,
        29
    ],
    "num_requests": 30,
    "num_requests_per_carrier": 10,
    "vertex_x_coords": [
        19.5,
        9.000000000000002,
        8.999999999999996,
        0.15440189921648306,
        1.6531958284596775,
        3.0760835451365818,
        20.426877615387077,
        13.263647895805732,
        19.49288645804974,
        2.5994286359586005,
        4.477896770553527,
        2.88454651997595,
        11.8708192057005,
        8.319052625331002,
        22.58892984600854,
        7.29751854185808,
        11.02621541332057,
        19.71689191512761,
        19.85279644348647,
        0.5086443263141865,
        24.800918314188515,
        16.079287765669875,
        14.731495472185049,
        19.823842239374258,
        4.339032818299657,
        4.572857265041266,
        15.538094643725808,
        9.34838611130889,
        1.8940726073113645,
        1.4410242895452758,
        10.253916282132963,
        17.451470412897574,
        13.89910728749153
    ],
    "vertex_y_coords": [
        12.5,
        18.562177826491073,
        6.4378221735089305,
        23.54395268539125,
        24.476105072734676,
        2.5677239703784718,
        23.508317267011765,
        3.135901880453557,
        2.563419620360863,
        12.015687290932847,
        7.26635098766274,
        18.123665437799964,
        17.712770455259587,
        24.04074368409369,
        23.166659211851044,
        12.190910978840828,
        22.525818137031095,
        5.6506192269723945,
        9.13078292495468,
        16.82133807661478,
        20.069037387395632,
        6.780667010084884,
        4.643539042358255,
        8.719917758855436,
        12.133848520219049,
        19.11536200712851,
        14.53013124682318,
        15.22442180758072,
        18.610761291586055,
        18.49724798382467,
        11.11931193359136,
        4.027625274107654,
        21.493390837550734
    ],
    "request_to_carrier_assignment": [
        0,
        0,
        0,
        0,
        0,
        0,
        0,
        0,
        0,
        0,
        1,
        1,
        1,
        1,
        1,
        1,
        1,
        1,
        1,
        1,
        2,
        2,
        2,
        2,
        2,
        2,
        2,
        2,
        2,
        2
    ],
    "request_disclosure_time": [
        "0001-01-01T00:00:00",
        "0001-01-01T03:24:00",
        "0001-01-01T06:48:00",
        "0001-01-01T10:12:00",
        "0001-01-01T13:36:00",
        "0001-01-01T17:00:00",
        "0001-01-01T20:24:00",
        "0001-01-01T23:48:00",
        "0001-01-02T03:12:00",
        "0001-01-02T06:36:00",
        "0001-01-01T00:00:00",
        "0001-01-01T03:24:00",
        "0001-01-01T06:48:00",
        "0001-01-01T10:12:00",
        "0001-01-01T13:36:00",
        "0001-01-01T17:00:00",
        "0001-01-01T20:24:00",
        "0001-01-01T23:48:00",
        "0001-01-02T03:12:00",
        "0001-01-02T06:36:00",
        "0001-01-01T00:00:00",
        "0001-01-01T03:24:00",
        "0001-01-01T06:48:00",
        "0001-01-01T10:12:00",
        "0001-01-01T13:36:00",
        "0001-01-01T17:00:00",
        "0001-01-01T20:24:00",
        "0001-01-01T23:48:00",
        "0001-01-02T03:12:00",
        "0001-01-02T06:36:00"
    ],
    "vertex_revenue": [
        0,
        0,
        0,
        1,
        1,
        1,
        1,
        1,
        1,
        1,
        1,
        1,
        1,
        1,
        1,
        1,
        1,
        1,
        1,
        1,
        1,
        1,
        1,
        1,
        1,
        1,
        1,
        1,
        1,
        1,
        1,
        1,
        1
    ],
    "vertex_load": [
        0,
        0,
        0,
        1,
        1,
        1,
        1,
        1,
        1,
        1,
        1,
        1,
        1,
        1,
        1,
        1,
        1,
        1,
        1,
        1,
        1,
        1,
        1,
        1,
        1,
        1,
        1,
        1,
        1,
        1,
        1,
        1,
        1
    ],
    "vertex_service_duration": [
        0,
        0,
        0,
        240.0,
        240.0,
        240.0,
        240.0,
        240.0,
        240.0,
        240.0,
        240.0,
        240.0,
        240.0,
        240.0,
        240.0,
        240.0,
        240.0,
        240.0,
        240.0,
        240.0,
        240.0,
        240.0,
        240.0,
        240.0,
        240.0,
        240.0,
        240.0,
        240.0,
        240.0,
        240.0,
        240.0,
        240.0,
        240.0
    ],
    "tw_open": [
        "0001-01-02T10:00:00",
        "0001-01-02T10:00:00",
        "0001-01-02T10:00:00",
        "0001-01-02T10:00:00",
        "0001-01-02T10:00:00",
        "0001-01-02T10:00:00",
        "0001-01-02T10:00:00",
        "0001-01-02T10:00:00",
        "0001-01-02T10:00:00",
        "0001-01-02T10:00:00",
        "0001-01-02T10:00:00",
        "0001-01-02T10:00:00",
        "0001-01-02T10:00:00",
        "0001-01-02T10:00:00",
        "0001-01-02T10:00:00",
        "0001-01-02T10:00:00",
        "0001-01-02T10:00:00",
        "0001-01-02T10:00:00",
        "0001-01-02T10:00:00",
        "0001-01-02T10:00:00",
        "0001-01-02T10:00:00",
        "0001-01-02T10:00:00",
        "0001-01-02T10:00:00",
        "0001-01-02T10:00:00",
        "0001-01-02T10:00:00",
        "0001-01-02T10:00:00",
        "0001-01-02T10:00:00",
        "0001-01-02T10:00:00",
        "0001-01-02T10:00:00",
        "0001-01-02T10:00:00",
        "0001-01-02T10:00:00",
        "0001-01-02T10:00:00",
        "0001-01-02T10:00:00"
    ],
    "tw_close": [
        "0001-01-02T18:00:00",
        "0001-01-02T18:00:00",
        "0001-01-02T18:00:00",
        "0001-01-02T18:00:00",
        "0001-01-02T18:00:00",
        "0001-01-02T18:00:00",
        "0001-01-02T18:00:00",
        "0001-01-02T18:00:00",
        "0001-01-02T18:00:00",
        "0001-01-02T18:00:00",
        "0001-01-02T18:00:00",
        "0001-01-02T18:00:00",
        "0001-01-02T18:00:00",
        "0001-01-02T18:00:00",
        "0001-01-02T18:00:00",
        "0001-01-02T18:00:00",
        "0001-01-02T18:00:00",
        "0001-01-02T18:00:00",
        "0001-01-02T18:00:00",
        "0001-01-02T18:00:00",
        "0001-01-02T18:00:00",
        "0001-01-02T18:00:00",
        "0001-01-02T18:00:00",
        "0001-01-02T18:00:00",
        "0001-01-02T18:00:00",
        "0001-01-02T18:00:00",
        "0001-01-02T18:00:00",
        "0001-01-02T18:00:00",
        "0001-01-02T18:00:00",
        "0001-01-02T18:00:00",
        "0001-01-02T18:00:00",
        "0001-01-02T18:00:00",
        "0001-01-02T18:00:00"
    ],
    "_travel_duration_matrix": [
        [
            0.0,
            1455.0,
            1455.0,
            2674.0,
            2580.0,
            2304.0,
            1326.0,
            1351.0,
            1193.0,
            2029.0,
            1909.0,
            2105.0,
            1109.0,
            1929.0,
            1333.0,
            1465.0,
            1576.0,
            823.0,
            407.0,
            2338.0,
            1109.0,
            800.0,
            1103.0,
            456.0,
            1820.0,
            1960.0,
            535.0,
            1262.0,
            2237.0,
            2284.0,
            1122.0,
            1046.0,
            1272.0
        ],
        [
            1455.0,
            0.0,
            1455.0,
            1219.0,
            1132.0,
            2047.0,
            1495.0,
            1921.0,
            2296.0,
            1099.0,
            1461.0,
            736.0,
            360.0,
            663.0,
            1722.0,
            792.0,
            535.0,
            2014.0,
            1726.0,
            1041.0,
            1905.0,
            1650.0,
            1807.0,
            1756.0,
            953.0,
            536.0,
            922.0,
            403.0,
            853.0,
            908.0,
            906.0,
            2018.0,
            686.0
        ],
        [
            1455.0,
            1455.0,
            0.0,
            2311.0,
            2338.0,
            850.0,
            2466.0,
            648.0,
            1343.0,
            1019.0,
            552.0,
            1583.0,
            1397.0,
            2114.0,
            2587.0,
            720.0,
            1946.0,
            1290.0,
            1342.0,
            1610.0,
            2505.0,
            851.0,
            721.0,
            1328.0,
            884.0,
            1612.0,
            1249.0,
            1056.0,
            1692.0,
            1708.0,
            582.0,
            1055.0,
            1900.0
        ],
        [
            2674.0,
            1219.0,
            2311.0,
            0.0,
            212.0,
            2542.0,
            2433.0,
            2911.0,
            3425.0,
            1415.0,
            2022.0,
            729.0,
            1571.0,
            982.0,
            2693.0,
            1610.0,
            1311.0,
            3182.0,
            2929.0,
            808.0,
            2987.0,
            2775.0,
            2865.0,
            2956.0,
            1459.0,
            751.0,
            2140.0,
            1488.0,
            628.0,
            625.0,
            1922.0,
            3130.0,
            1668.0
        ],
        [
            2580.0,
            1132.0,
            2338.0,
            212.0,
            0.0,
            2635.0,
            2256.0,
            2916.0,
            3391.0,
            1500.0,
            2093.0,
            777.0,
            1471.0,
            802.0,
            2518.0,
            1623.0,
            1149.0,
            3131.0,
            2857.0,
            929.0,
            2828.0,
            2740.0,
            2851.0,
            2887.0,
            1516.0,
            733.0,
            2050.0,
            1445.0,
            705.0,
            718.0,
            1907.0,
            3101.0,
            1513.0
        ],
        [
            2304.0,
            2047.0,
            850.0,
            2542.0,
            2635.0,
            0.0,
            3264.0,
            1225.0,
            1971.0,
            1136.0,
            589.0,
            1867.0,
            2102.0,
            2653.0,
            3405.0,
            1262.0,
            2578.0,
            2031.0,
            2162.0,
            1738.0,
            3348.0,
            1641.0,
            1421.0,
            2142.0,
            1158.0,
            1994.0,
            2073.0,
            1696.0,
            1931.0,
            1922.0,
            1340.0,
            1734.0,
            2617.0
        ],
        [
            1326.0,
            1495.0,
            2466.0,
            2433.0,
            2256.0,
            3264.0,
            0.0,
            2592.0,
            2516.0,
            2546.0,
            2732.0,
            2203.0,
            1241.0,
            1455.0,
            263.0,
            2081.0,
            1135.0,
            2145.0,
            1727.0,
            2522.0,
            668.0,
            2075.0,
            2365.0,
            1777.0,
            2365.0,
            1975.0,
            1227.0,
            1660.0,
            2301.0,
            2357.0,
            1924.0,
            2365.0,
            820.0
        ],
        [
            1351.0,
            1921.0,
            648.0,
            2911.0,
            2916.0,
            1225.0,
            2592.0,
            0.0,
            751.0,
            1666.0,
            1165.0,
            2188.0,
            1758.0,
            2578.0,
            2652.0,
            1302.0,
            2343.0,
            832.0,
            1069.0,
            2245.0,
            2459.0,
            553.0,
            253.0,
            1034.0,
            1521.0,
            2183.0,
            1395.0,
            1525.0,
            2305.0,
            2327.0,
            1024.0,
            514.0,
            2205.0
        ],
        [
            1193.0,
            2296.0,
            1343.0,
            3425.0,
            3391.0,
            1971.0,
            2516.0,
            751.0,
            0.0,
            2323.0,
            1889.0,
            2732.0,
            2036.0,
            2906.0,
            2501.0,
            1865.0,
            2603.0,
            372.0,
            790.0,
            2850.0,
            2196.0,
            652.0,
            624.0,
            740.0,
            2151.0,
            2675.0,
            1513.0,
            1947.0,
            2859.0,
            2890.0,
            1512.0,
            302.0,
            2369.0
        ],
        [
            2029.0,
            1099.0,
            1019.0,
            1415.0,
            1500.0,
            1136.0,
            2546.0,
            1666.0,
            2323.0,
            0.0,
            613.0,
            734.0,
            1306.0,
            1598.0,
            2747.0,
            565.0,
            1617.0,
            2192.0,
            2100.0,
            629.0,
            2835.0,
            1736.0,
            1704.0,
            2105.0,
            210.0,
            885.0,
            1582.0,
            897.0,
            796.0,
            791.0,
            925.0,
            2024.0,
            1770.0
        ],
        [
            1909.0,
            1461.0,
            552.0,
            2022.0,
            2093.0,
            589.0,
            2732.0,
            1165.0,
            1889.0,
            613.0,
            0.0,
            1317.0,
            1536.0,
            2066.0,
            2893.0,
            681.0,
            1993.0,
            1839.0,
            1859.0,
            1242.0,
            2883.0,
            1394.0,
            1271.0,
            1850.0,
            585.0,
            1422.0,
            1588.0,
            1120.0,
            1397.0,
            1397.0,
            834.0,
            1605.0,
            2048.0
        ],
        [
            2105.0,
            736.0,
            1583.0,
            729.0,
            777.0,
            1867.0,
            2203.0,
            2188.0,
            2732.0,
            734.0,
            1317.0,
            0.0,
            1080.0,
            965.0,
            2441.0,
            888.0,
            1111.0,
            2515.0,
            2305.0,
            326.0,
            2641.0,
            2089.0,
            2154.0,
            2325.0,
            740.0,
            235.0,
            1579.0,
            851.0,
            133.0,
            179.0,
            1221.0,
            2433.0,
            1383.0
        ],
        [
            1109.0,
            360.0,
            1397.0,
            1571.0,
            1471.0,
            2102.0,
            1241.0,
            1758.0,
            2036.0,
            1306.0,
            1536.0,
            1080.0,
            0.0,
            871.0,
            1444.0,
            861.0,
            587.0,
            1727.0,
            1407.0,
            1368.0,
            1578.0,
            1406.0,
            1606.0,
            1441.0,
            1125.0,
            892.0,
            583.0,
            426.0,
            1203.0,
            1256.0,
            815.0,
            1774.0,
            515.0
        ],
        [
            1929.0,
            663.0,
            2114.0,
            982.0,
            802.0,
            2653.0,
            1455.0,
            2578.0,
            2906.0,
            1598.0,
            2066.0,
            965.0,
            871.0,
            0.0,
            1716.0,
            1428.0,
            373.0,
            2597.0,
            2263.0,
            1277.0,
            2035.0,
            2271.0,
            2452.0,
            2300.0,
            1507.0,
            743.0,
            1433.0,
            1066.0,
            1010.0,
            1061.0,
            1568.0,
            2640.0,
            737.0
        ],
        [
            1333.0,
            1722.0,
            2587.0,
            2693.0,
            2518.0,
            3405.0,
            263.0,
            2652.0,
            2501.0,
            2747.0,
            2893.0,
            2441.0,
            1444.0,
            1716.0,
            0.0,
            2259.0,
            1390.0,
            2130.0,
            1717.0,
            2757.0,
            457.0,
            2116.0,
            2415.0,
            1766.0,
            2560.0,
            2216.0,
            1338.0,
            1853.0,
            2543.0,
            2599.0,
            2070.0,
            2378.0,
            1062.0
        ],
        [
            1465.0,
            792.0,
            720.0,
            1610.0,
            1623.0,
            1262.0,
            2081.0,
            1302.0,
            1865.0,
            565.0,
            681.0,
            888.0,
            861.0,
            1428.0,
            2259.0,
            0.0,
            1319.0,
            1685.0,
            1551.0,
            987.0,
            2304.0,
            1238.0,
            1272.0,
            1560.0,
            356.0,
            893.0,
            1028.0,
            440.0,
            1007.0,
            1033.0,
            378.0,
            1564.0,
            1369.0
        ],
        [
            1576.0,
            535.0,
            1946.0,
            1311.0,
            1149.0,
            2578.0,
            1135.0,
            2343.0,
            2603.0,
            1617.0,
            1993.0,
            1111.0,
            587.0,
            373.0,
            1390.0,
            1319.0,
            0.0,
            2278.0,
            1926.0,
            1436.0,
            1680.0,
            1985.0,
            2192.0,
            1965.0,
            1483.0,
            876.0,
            1102.0,
            900.0,
            1193.0,
            1248.0,
            1372.0,
            2350.0,
            367.0
        ],
        [
            823.0,
            2014.0,
            1290.0,
            3182.0,
            3131.0,
            2031.0,
            2145.0,
            832.0,
            372.0,
            2192.0,
            1839.0,
            2515.0,
            1727.0,
            2597.0,
            2130.0,
            1685.0,
            2278.0,
            0.0,
            418.0,
            2667.0,
            1835.0,
            458.0,
            611.0,
            369.0,
            2003.0,
            2432.0,
            1178.0,
            1694.0,
            2645.0,
            2681.0,
            1312.0,
            335.0,
            2026.0
        ],
        [
            407.0,
            1726.0,
            1342.0,
            2929.0,
            2857.0,
            2162.0,
            1727.0,
            1069.0,
            790.0,
            2100.0,
            1859.0,
            2305.0,
            1407.0,
            2263.0,
            1717.0,
            1551.0,
            1926.0,
            418.0,
            0.0,
            2499.0,
            1441.0,
            534.0,
            818.0,
            50.0,
            1897.0,
            2191.0,
            830.0,
            1458.0,
            2437.0,
            2479.0,
            1177.0,
            677.0,
            1647.0
        ],
        [
            2338.0,
            1041.0,
            1610.0,
            808.0,
            929.0,
            1738.0,
            2522.0,
            2245.0,
            2850.0,
            629.0,
            1242.0,
            326.0,
            1368.0,
            1277.0,
            2757.0,
            987.0,
            1436.0,
            2667.0,
            2499.0,
            0.0,
            2942.0,
            2224.0,
            2247.0,
            2514.0,
            727.0,
            561.0,
            1825.0,
            1078.0,
            272.0,
            231.0,
            1355.0,
            2548.0,
            1702.0
        ],
        [
            1109.0,
            1905.0,
            2505.0,
            2987.0,
            2828.0,
            3348.0,
            668.0,
            2459.0,
            2196.0,
            2835.0,
            2883.0,
            2641.0,
            1578.0,
            2035.0,
            457.0,
            2304.0,
            1680.0,
            1835.0,
            1441.0,
            2942.0,
            0.0,
            1908.0,
            2211.0,
            1488.0,
            2634.0,
            2431.0,
            1296.0,
            1944.0,
            2755.0,
            2810.0,
            2050.0,
            2118.0,
            1320.0
        ],
        [
            800.0,
            1650.0,
            851.0,
            2775.0,
            2740.0,
            1641.0,
            2075.0,
            553.0,
            652.0,
            1736.0,
            1394.0,
            2089.0,
            1406.0,
            2271.0,
            2116.0,
            1238.0,
            1985.0,
            458.0,
            534.0,
            2224.0,
            1908.0,
            0.0,
            304.0,
            507.0,
            1549.0,
            2025.0,
            933.0,
            1296.0,
            2217.0,
            2250.0,
            872.0,
            370.0,
            1785.0
        ],
        [
            1103.0,
            1807.0,
            721.0,
            2865.0,
            2851.0,
            1421.0,
            2365.0,
            253.0,
            624.0,
            1704.0,
            1271.0,
            2154.0,
            1606.0,
            2452.0,
            2415.0,
            1272.0,
            2192.0,
            611.0,
            818.0,
            2247.0,
            2211.0,
            304.0,
            0.0,
            783.0,
            1538.0,
            2122.0,
            1191.0,
            1425.0,
            2277.0,
            2304.0,
            945.0,
            335.0,
            2025.0
        ],
        [
            456.0,
            1756.0,
            1328.0,
            2956.0,
            2887.0,
            2142.0,
            1777.0,
            1034.0,
            740.0,
            2105.0,
            1850.0,
            2325.0,
            1441.0,
            2300.0,
            1766.0,
            1560.0,
            1965.0,
            369.0,
            50.0,
            2514.0,
            1488.0,
            507.0,
            783.0,
            0.0,
            1903.0,
            2215.0,
            867.0,
            1480.0,
            2458.0,
            2499.0,
            1184.0,
            631.0,
            1690.0
        ],
        [
            1820.0,
            953.0,
            884.0,
            1459.0,
            1516.0,
            1158.0,
            2365.0,
            1521.0,
            2151.0,
            210.0,
            585.0,
            740.0,
            1125.0,
            1507.0,
            2560.0,
            356.0,
            1483.0,
            2003.0,
            1897.0,
            727.0,
            2634.0,
            1549.0,
            1538.0,
            1903.0,
            0.0,
            839.0,
            1375.0,
            707.0,
            831.0,
            840.0,
            721.0,
            1850.0,
            1606.0
        ],
        [
            1960.0,
            536.0,
            1612.0,
            751.0,
            733.0,
            1994.0,
            1975.0,
            2183.0,
            2675.0,
            885.0,
            1422.0,
            235.0,
            892.0,
            743.0,
            2216.0,
            893.0,
            876.0,
            2432.0,
            2191.0,
            561.0,
            2431.0,
            2025.0,
            2122.0,
            2215.0,
            839.0,
            0.0,
            1427.0,
            740.0,
            328.0,
            384.0,
            1178.0,
            2381.0,
            1155.0
        ],
        [
            535.0,
            922.0,
            1249.0,
            2140.0,
            2050.0,
            2073.0,
            1227.0,
            1395.0,
            1513.0,
            1582.0,
            1588.0,
            1579.0,
            583.0,
            1433.0,
            1338.0,
            1028.0,
            1102.0,
            1178.0,
            830.0,
            1825.0,
            1296.0,
            933.0,
            1191.0,
            867.0,
            1375.0,
            1427.0,
            0.0,
            748.0,
            1709.0,
            1758.0,
            755.0,
            1282.0,
            859.0
        ],
        [
            1262.0,
            403.0,
            1056.0,
            1488.0,
            1445.0,
            1696.0,
            1660.0,
            1525.0,
            1947.0,
            897.0,
            1120.0,
            851.0,
            426.0,
            1066.0,
            1853.0,
            440.0,
            900.0,
            1694.0,
            1458.0,
            1078.0,
            1944.0,
            1296.0,
            1425.0,
            1480.0,
            707.0,
            740.0,
            748.0,
            0.0,
            983.0,
            1027.0,
            505.0,
            1659.0,
            930.0
        ],
        [
            2237.0,
            853.0,
            1692.0,
            628.0,
            705.0,
            1931.0,
            2301.0,
            2305.0,
            2859.0,
            796.0,
            1397.0,
            133.0,
            1203.0,
            1010.0,
            2543.0,
            1007.0,
            1193.0,
            2645.0,
            2437.0,
            272.0,
            2755.0,
            2217.0,
            2277.0,
            2458.0,
            831.0,
            328.0,
            1709.0,
            983.0,
            0.0,
            57.0,
            1348.0,
            2559.0,
            1482.0
        ],
        [
            2284.0,
            908.0,
            1708.0,
            625.0,
            718.0,
            1922.0,
            2357.0,
            2327.0,
            2890.0,
            791.0,
            1397.0,
            179.0,
            1256.0,
            1061.0,
            2599.0,
            1033.0,
            1248.0,
            2681.0,
            2479.0,
            231.0,
            2810.0,
            2250.0,
            2304.0,
            2499.0,
            840.0,
            384.0,
            1758.0,
            1027.0,
            57.0,
            0.0,
            1380.0,
            2590.0,
            1538.0
        ],
        [
            1122.0,
            906.0,
            582.0,
            1922.0,
            1907.0,
            1340.0,
            1924.0,
            1024.0,
            1512.0,
            925.0,
            834.0,
            1221.0,
            815.0,
            1568.0,
            2070.0,
            378.0,
            1372.0,
            1312.0,
            1177.0,
            1355.0,
            2050.0,
            872.0,
            945.0,
            1184.0,
            721.0,
            1178.0,
            755.0,
            505.0,
            1348.0,
            1380.0,
            0.0,
            1213.0,
            1320.0
        ],
        [
            1046.0,
            2018.0,
            1055.0,
            3130.0,
            3101.0,
            1734.0,
            2365.0,
            514.0,
            302.0,
            2024.0,
            1605.0,
            2433.0,
            1774.0,
            2640.0,
            2378.0,
            1564.0,
            2350.0,
            335.0,
            677.0,
            2548.0,
            2118.0,
            370.0,
            335.0,
            631.0,
            1850.0,
            2381.0,
            1282.0,
            1659.0,
            2559.0,
            2590.0,
            1213.0,
            0.0,
            2139.0
        ],
        [
            1272.0,
            686.0,
            1900.0,
            1668.0,
            1513.0,
            2617.0,
            820.0,
            2205.0,
            2369.0,
            1770.0,
            2048.0,
            1383.0,
            515.0,
            737.0,
            1062.0,
            1369.0,
            367.0,
            2026.0,
            1647.0,
            1702.0,
            1320.0,
            1785.0,
            2025.0,
            1690.0,
            1606.0,
            1155.0,
            859.0,
            930.0,
            1482.0,
            1538.0,
            1320.0,
            2139.0,
            0.0
        ]
    ],
    "_travel_distance_matrix": [
        [
            0,
            13,
            13,
            23,
            22,
            20,
            12,
            12,
            10,
            17,
            16,
            18,
            10,
            17,
            12,
            13,
            14,
            7,
            4,
            20,
            10,
            7,
            10,
            4,
            16,
            17,
            5,
            11,
            19,
            20,
            10,
            9,
            11
        ],
        [
            13,
            0,
            13,
            11,
            10,
            18,
            13,
            17,
            20,
            10,
            13,
            7,
            3,
            6,
            15,
            7,
            5,
            17,
            15,
            9,
            16,
            14,
            16,
            15,
            8,
            5,
            8,
            4,
            8,
            8,
            8,
            17,
            6
        ],
        [
            13,
            13,
            0,
            20,
            20,
            8,
            21,
            6,
            12,
            9,
            5,
            14,
            12,
            18,
            22,
            6,
            17,
            11,
            12,
            14,
            21,
            8,
            7,
            12,
            8,
            14,
            11,
            9,
            15,
            15,
            5,
            9,
            16
        ],
        [
            23,
            11,
            20,
            0,
            2,
            22,
            21,
            25,
            29,
            12,
            17,
            7,
            14,
            9,
            23,
            14,
            11,
            27,
            25,
            7,
            25,
            24,
            24,
            25,
            13,
            7,
            18,
            13,
            6,
            6,
            17,
            27,
            14
        ],
        [
            22,
            10,
            20,
            2,
            0,
            22,
            19,
            25,
            29,
            13,
            18,
            7,
            13,
            7,
            21,
            14,
            10,
            27,
            24,
            8,
            24,
            23,
            24,
            25,
            13,
            7,
            18,
            13,
            6,
            6,
            16,
            26,
            13
        ],
        [
            20,
            18,
            8,
            22,
            22,
            0,
            28,
            11,
            17,
            10,
            5,
            16,
            18,
            23,
            29,
            11,
            22,
            17,
            19,
            15,
            28,
            14,
            12,
            18,
            10,
            17,
            18,
            15,
            17,
            17,
            12,
            15,
            22
        ],
        [
            12,
            13,
            21,
            21,
            19,
            28,
            0,
            22,
            21,
            22,
            23,
            19,
            11,
            13,
            3,
            18,
            10,
            18,
            15,
            22,
            6,
            18,
            20,
            15,
            20,
            17,
            11,
            14,
            20,
            20,
            17,
            20,
            7
        ],
        [
            12,
            17,
            6,
            25,
            25,
            11,
            22,
            0,
            7,
            14,
            10,
            19,
            15,
            22,
            23,
            11,
            20,
            7,
            9,
            19,
            21,
            5,
            3,
            9,
            13,
            19,
            12,
            13,
            20,
            20,
            9,
            5,
            19
        ],
        [
            10,
            20,
            12,
            29,
            29,
            17,
            21,
            7,
            0,
            20,
            16,
            23,
            17,
            25,
            21,
            16,
            22,
            4,
            7,
            24,
            19,
            6,
            6,
            7,
            18,
            23,
            13,
            17,
            24,
            25,
            13,
            3,
            20
        ],
        [
            17,
            10,
            9,
            12,
            13,
            10,
            22,
            14,
            20,
            0,
            6,
            7,
            11,
            14,
            23,
            5,
            14,
            19,
            18,
            6,
            24,
            15,
            15,
            18,
            2,
            8,
            14,
            8,
            7,
            7,
            8,
            17,
            15
        ],
        [
            16,
            13,
            5,
            17,
            18,
            5,
            23,
            10,
            16,
            6,
            0,
            11,
            13,
            18,
            25,
            6,
            17,
            16,
            16,
            11,
            25,
            12,
            11,
            16,
            5,
            12,
            14,
            10,
            12,
            12,
            7,
            14,
            18
        ],
        [
            18,
            7,
            14,
            7,
            7,
            16,
            19,
            19,
            23,
            7,
            11,
            0,
            9,
            9,
            21,
            8,
            10,
            21,
            20,
            3,
            23,
            18,
            18,
            20,
            7,
            2,
            14,
            8,
            2,
            2,
            11,
            21,
            12
        ],
        [
            10,
            3,
            12,
            14,
            13,
            18,
            11,
            15,
            17,
            11,
            13,
            9,
            0,
            8,
            13,
            8,
            5,
            15,
            12,
            12,
            14,
            12,
            14,
            13,
            10,
            8,
            5,
            4,
            11,
            11,
            7,
            15,
            5
        ],
        [
            17,
            6,
            18,
            9,
            7,
            23,
            13,
            22,
            25,
            14,
            18,
            9,
            8,
            0,
            15,
            12,
            4,
            22,
            19,
            11,
            17,
            19,
            21,
            20,
            13,
            7,
            12,
            9,
            9,
            9,
            14,
            22,
            7
        ],
        [
            12,
            15,
            22,
            23,
            21,
            29,
            3,
            23,
            21,
            23,
            25,
            21,
            13,
            15,
            0,
            19,
            12,
            18,
            15,
            23,
            4,
            18,
            21,
            15,
            22,
            19,
            12,
            16,
            22,
            22,
            18,
            20,
            9
        ],
        [
            13,
            7,
            6,
            14,
            14,
            11,
            18,
            11,
            16,
            5,
            6,
            8,
            8,
            12,
            19,
            0,
            11,
            15,
            13,
            9,
            20,
            11,
            11,
            13,
            3,
            8,
            9,
            4,
            9,
            9,
            4,
            14,
            12
        ],
        [
            14,
            5,
            17,
            11,
            10,
            22,
            10,
            20,
            22,
            14,
            17,
            10,
            5,
            4,
            12,
            11,
            0,
            19,
            17,
            12,
            14,
            17,
            19,
            17,
            13,
            8,
            10,
            8,
            10,
            11,
            12,
            20,
            4
        ],
        [
            7,
            17,
            11,
            27,
            27,
            17,
            18,
            7,
            4,
            19,
            16,
            21,
            15,
            22,
            18,
            15,
            19,
            0,
            4,
            23,
            16,
            4,
            6,
            4,
            17,
            21,
            10,
            15,
            23,
            23,
            11,
            3,
            17
        ],
        [
            4,
            15,
            12,
            25,
            24,
            19,
            15,
            9,
            7,
            18,
            16,
            20,
            12,
            19,
            15,
            13,
            17,
            4,
            0,
            21,
            13,
            5,
            7,
            1,
            16,
            19,
            7,
            13,
            21,
            21,
            10,
            6,
            14
        ],
        [
            20,
            9,
            14,
            7,
            8,
            15,
            22,
            19,
            24,
            6,
            11,
            3,
            12,
            11,
