{
    "_id_": "t=euclidean+d=7+c=3+n=10+v=3+o=100+r=15",
    "meta": {
        "t": "euclidean",
        "d": 7,
        "c": 3,
        "n": 10,
        "v": 3,
        "o": 100,
        "r": 15
    },
    "num_carriers": 3,
    "max_vehicle_load": 999999999,
    "max_tour_distance": 999999999,
    "max_tour_duration": 999999999,
    "carriers_max_num_tours": 3,
    "requests": [
        0,
        1,
        2,
        3,
        4,
        5,
        6,
        7,
        8,
        9,
        10,
        11,
        12,
        13,
        14,
        15,
        16,
        17,
        18,
        19,
        20,
        21,
        22,
        23,
        24,
        25,
        26,
        27,
        28,
        29
    ],
    "num_requests": 30,
    "num_requests_per_carrier": 10,
    "vertex_x_coords": [
        19.5,
        9.000000000000002,
        8.999999999999996,
        16.16158825616334,
        13.308352177534854,
        2.044714960236496,
        22.312664941623193,
        15.870594094734624,
        19.659545906954268,
        18.020902143885518,
        15.221972159993221,
        23.510442215689906,
        11.010690655052855,
        6.464004002373813,
        15.914364895231504,
        20.84704282890397,
        20.361663275241934,
        19.52652205214413,
        2.530043041656818,
        16.316513670999793,
        0.3396426799089608,
        3.354083778768799,
        9.431948927816498,
        18.10732650716075,
        12.157900504241589,
        6.8834596773887675,
        3.728721654651854,
        0.8457738550968874,
        4.40368329113158,
        11.053374089263713,
        13.409925838770107,
        7.459008512748391,
        4.162026821165488
    ],
    "vertex_y_coords": [
        12.5,
        18.562177826491073,
        6.4378221735089305,
        15.0287229003529,
        3.726058813845448,
        24.638683982969752,
        14.438879367034527,
        22.026796309846283,
        17.445885697516413,
        3.2393776978138664,
        1.7835615029928864,
        2.4342254835859167,
        8.933415554246821,
        0.6060408862969546,
        19.696333834394522,
        8.932495715754795,
        15.569896491657452,
        19.953943184751914,
        15.345794491528967,
        17.647380180302143,
        22.143100268530233,
        15.744757569952819,
        6.281752090737042,
        21.889486121138088,
        13.770783036155814,
        5.478403132458137,
        13.818580402247575,
        14.094031773403326,
        9.61208189056537,
        14.702698615197784,
        11.993760984150741,
        15.75178199865113,
        13.933792771824477
    ],
    "request_to_carrier_assignment": [
        0,
        0,
        0,
        0,
        0,
        0,
        0,
        0,
        0,
        0,
        1,
        1,
        1,
        1,
        1,
        1,
        1,
        1,
        1,
        1,
        2,
        2,
        2,
        2,
        2,
        2,
        2,
        2,
        2,
        2
    ],
    "request_disclosure_time": [
        "0001-01-01T00:00:00",
        "0001-01-01T03:24:00",
        "0001-01-01T06:48:00",
        "0001-01-01T10:12:00",
        "0001-01-01T13:36:00",
        "0001-01-01T17:00:00",
        "0001-01-01T20:24:00",
        "0001-01-01T23:48:00",
        "0001-01-02T03:12:00",
        "0001-01-02T06:36:00",
        "0001-01-01T00:00:00",
        "0001-01-01T03:24:00",
        "0001-01-01T06:48:00",
        "0001-01-01T10:12:00",
        "0001-01-01T13:36:00",
        "0001-01-01T17:00:00",
        "0001-01-01T20:24:00",
        "0001-01-01T23:48:00",
        "0001-01-02T03:12:00",
        "0001-01-02T06:36:00",
        "0001-01-01T00:00:00",
        "0001-01-01T03:24:00",
        "0001-01-01T06:48:00",
        "0001-01-01T10:12:00",
        "0001-01-01T13:36:00",
        "0001-01-01T17:00:00",
        "0001-01-01T20:24:00",
        "0001-01-01T23:48:00",
        "0001-01-02T03:12:00",
        "0001-01-02T06:36:00"
    ],
    "vertex_revenue": [
        0,
        0,
        0,
        1,
        1,
        1,
        1,
        1,
        1,
        1,
        1,
        1,
        1,
        1,
        1,
        1,
        1,
        1,
        1,
        1,
        1,
        1,
        1,
        1,
        1,
        1,
        1,
        1,
        1,
        1,
        1,
        1,
        1
    ],
    "vertex_load": [
        0,
        0,
        0,
        1,
        1,
        1,
        1,
        1,
        1,
        1,
        1,
        1,
        1,
        1,
        1,
        1,
        1,
        1,
        1,
        1,
        1,
        1,
        1,
        1,
        1,
        1,
        1,
        1,
        1,
        1,
        1,
        1,
        1
    ],
    "vertex_service_duration": [
        0,
        0,
        0,
        240.0,
        240.0,
        240.0,
        240.0,
        240.0,
        240.0,
        240.0,
        240.0,
        240.0,
        240.0,
        240.0,
        240.0,
        240.0,
        240.0,
        240.0,
        240.0,
        240.0,
        240.0,
        240.0,
        240.0,
        240.0,
        240.0,
        240.0,
        240.0,
        240.0,
        240.0,
        240.0,
        240.0,
        240.0,
        240.0
    ],
    "tw_open": [
        "0001-01-02T10:00:00",
        "0001-01-02T10:00:00",
        "0001-01-02T10:00:00",
        "0001-01-02T10:00:00",
        "0001-01-02T10:00:00",
        "0001-01-02T10:00:00",
        "0001-01-02T10:00:00",
        "0001-01-02T10:00:00",
        "0001-01-02T10:00:00",
        "0001-01-02T10:00:00",
        "0001-01-02T10:00:00",
        "0001-01-02T10:00:00",
        "0001-01-02T10:00:00",
        "0001-01-02T10:00:00",
        "0001-01-02T10:00:00",
        "0001-01-02T10:00:00",
        "0001-01-02T10:00:00",
        "0001-01-02T10:00:00",
        "0001-01-02T10:00:00",
        "0001-01-02T10:00:00",
        "0001-01-02T10:00:00",
        "0001-01-02T10:00:00",
        "0001-01-02T10:00:00",
        "0001-01-02T10:00:00",
        "0001-01-02T10:00:00",
        "0001-01-02T10:00:00",
        "0001-01-02T10:00:00",
        "0001-01-02T10:00:00",
        "0001-01-02T10:00:00",
        "0001-01-02T10:00:00",
        "0001-01-02T10:00:00",
        "0001-01-02T10:00:00",
        "0001-01-02T10:00:00"
    ],
    "tw_close": [
        "0001-01-02T18:00:00",
        "0001-01-02T18:00:00",
        "0001-01-02T18:00:00",
        "0001-01-02T18:00:00",
        "0001-01-02T18:00:00",
        "0001-01-02T18:00:00",
        "0001-01-02T18:00:00",
        "0001-01-02T18:00:00",
        "0001-01-02T18:00:00",
        "0001-01-02T18:00:00",
        "0001-01-02T18:00:00",
        "0001-01-02T18:00:00",
        "0001-01-02T18:00:00",
        "0001-01-02T18:00:00",
        "0001-01-02T18:00:00",
        "0001-01-02T18:00:00",
        "0001-01-02T18:00:00",
        "0001-01-02T18:00:00",
        "0001-01-02T18:00:00",
        "0001-01-02T18:00:00",
        "0001-01-02T18:00:00",
        "0001-01-02T18:00:00",
        "0001-01-02T18:00:00",
        "0001-01-02T18:00:00",
        "0001-01-02T18:00:00",
        "0001-01-02T18:00:00",
        "0001-01-02T18:00:00",
        "0001-01-02T18:00:00",
        "0001-01-02T18:00:00",
        "0001-01-02T18:00:00",
        "0001-01-02T18:00:00",
        "0001-01-02T18:00:00",
        "0001-01-02T18:00:00"
    ],
    "_travel_duration_matrix": [
        [
            0.0,
            1455.0,
            1455.0,
            503.0,
            1289.0,
            2552.0,
            410.0,
            1224.0,
            594.0,
            1126.0,
            1385.0,
            1301.0,
            1105.0,
            2118.0,
            965.0,
            458.0,
            383.0,
            895.0,
            2065.0,
            727.0,
            2575.0,
            1977.0,
            1421.0,
            1140.0,
            895.0,
            1733.0,
            1900.0,
            2247.0,
            1845.0,
            1048.0,
            734.0,
            1497.0,
            1849.0
        ],
        [
            1455.0,
            0.0,
            1455.0,
            959.0,
            1854.0,
            1109.0,
            1673.0,
            924.0,
            1287.0,
            2134.0,
            2148.0,
            2604.0,
            1181.0,
            2177.0,
            841.0,
            1833.0,
            1410.0,
            1275.0,
            868.0,
            885.0,
            1125.0,
            758.0,
            1475.0,
            1164.0,
            689.0,
            1591.0,
            851.0,
            1116.0,
            1208.0,
            525.0,
            950.0,
            385.0,
            804.0
        ],
        [
            1455.0,
            1455.0,
            0.0,
            1343.0,
            611.0,
            2339.0,
            1864.0,
            2045.0,
            1839.0,
            1149.0,
            933.0,
            1807.0,
            385.0,
            764.0,
            1795.0,
            1453.0,
            1750.0,
            2056.0,
            1322.0,
            1607.0,
            2153.0,
            1307.0,
            56.0,
            2153.0,
            959.0,
            279.0,
            1089.0,
            1343.0,
            671.0,
            1022.0,
            852.0,
            1133.0,
            1071.0
        ],
        [
            503.0,
            959.0,
            1343.0,
            0.0,
            1399.0,
            2050.0,
            742.0,
            841.0,
            511.0,
            1433.0,
            1594.0,
            1750.0,
            958.0,
            2086.0,
            561.0,
            923.0,
            509.0,
            716.0,
            1637.0,
            315.0,
            2082.0,
            1540.0,
            1325.0,
            856.0,
            504.0,
            1598.0,
            1499.0,
            1842.0,
            1554.0,
            615.0,
            492.0,
            1048.0,
            1446.0
        ],
        [
            1289.0,
            1854.0,
            611.0,
            1399.0,
            0.0,
            2851.0,
            1680.0,
            2218.0,
            1815.0,
            569.0,
            328.0,
            1235.0,
            684.0,
            903.0,
            1942.0,
            1100.0,
            1655.0,
            2086.0,
            1902.0,
            1710.0,
            2703.0,
            1873.0,
            558.0,
            2255.0,
            1214.0,
            800.0,
            1670.0,
            1946.0,
            1281.0,
            1345.0,
            993.0,
            1605.0,
            1645.0
        ],
        [
            2552.0,
            1109.0,
            2339.0,
            2050.0,
            2851.0,
            0.0,
            2723.0,
            1689.0,
            2284.0,
            3205.0,
            3166.0,
            3707.0,
            2171.0,
            2933.0,
            1767.0,
            2940.0,
            2453.0,
            2172.0,
            1117.0,
            1908.0,
            363.0,
            1079.0,
            2375.0,
            1956.0,
            1782.0,
            2372.0,
            1315.0,
            1274.0,
            1826.0,
            1610.0,
            2041.0,
            1249.0,
            1310.0
        ],
        [
            410.0,
            1673.0,
            1864.0,
            742.0,
            1680.0,
            2723.0,
            0.0,
            1195.0,
            482.0,
            1440.0,
            1741.0,
            1448.0,
            1509.0,
            2525.0,
            994.0,
            684.0,
            271.0,
            742.0,
            2377.0,
            817.0,
            2795.0,
            2281.0,
            1830.0,
            1027.0,
            1222.0,
            2142.0,
            2232.0,
            2577.0,
            2226.0,
            1352.0,
            1108.0,
            1790.0,
            2179.0
        ],
        [
            1224.0,
            924.0,
            2045.0,
            841.0,
            2218.0,
            1689.0,
            1195.0,
            0.0,
            714.0,
            2270.0,
            2431.0,
            2524.0,
            1676.0,
            2808.0,
            280.0,
            1681.0,
            944.0,
            505.0,
            1791.0,
            529.0,
            1864.0,
            1681.0,
            2042.0,
            269.0,
            1087.0,
            2260.0,
            1759.0,
            2039.0,
            2029.0,
            1052.0,
            1240.0,
            1260.0,
            1708.0
        ],
        [
            594.0,
            1287.0,
            1839.0,
            511.0,
            1815.0,
            2284.0,
            482.0,
            714.0,
            0.0,
            1717.0,
            1954.0,
            1860.0,
            1457.0,
            2568.0,
            525.0,
            1032.0,
            241.0,
            302.0,
            2071.0,
            402.0,
            2386.0,
            1968.0,
            1817.0,
            565.0,
            1003.0,
            2101.0,
            1961.0,
            2294.0,
            2058.0,
            1084.0,
            996.0,
            1479.0,
            1907.0
        ],
        [
            1126.0,
            2134.0,
            1149.0,
            1433.0,
            569.0,
            3205.0,
            1440.0,
            2270.0,
            1717.0,
            0.0,
            379.0,
            666.0,
            1084.0,
            1423.0,
            1991.0,
            763.0,
            1507.0,
            2014.0,
            2360.0,
            1742.0,
            3107.0,
            2313.0,
            1094.0,
            2239.0,
            1447.0,
            1364.0,
            2134.0,
            2439.0,
            1805.0,
            1610.0,
            1188.0,
            1965.0,
            2101.0
        ],
        [
            1385.0,
            2148.0,
            933.0,
            1594.0,
            328.0,
            3166.0,
            1741.0,
            2431.0,
            1954.0,
            379.0,
            0.0,
            998.0,
            996.0,
            1061.0,
            2152.0,
            1092.0,
            1766.0,
            2241.0,
            2229.0,
            1909.0,
            3027.0,
            2199.0,
            880.0,
            2438.0,
            1485.0,
            1095.0,
            1997.0,
            2272.0,
            1603.0,
            1630.0,
            1245.0,
            1918.0,
            1972.0
        ],
        [
            1301.0,
            2604.0,
            1807.0,
            1750.0,
            1235.0,
            3707.0,
            1448.0,
            2524.0,
            1860.0,
            666.0,
            998.0,
            0.0,
            1691.0,
            2058.0,
            2264.0,
            843.0,
            1621.0,
            2157.0,
            2957.0,
            2020.0,
            3651.0,
            2899.0,
            1752.0,
            2423.0,
            1926.0,
            2029.0,
            2739.0,
            3059.0,
            2450.0,
            2099.0,
            1669.0,
            2503.0,
            2701.0
        ],
        [
            1105.0,
            1181.0,
            385.0,
            958.0,
            684.0,
            2171.0,
            1509.0,
            1676.0,
            1457.0,
            1084.0,
            996.0,
            1691.0,
            0.0,
            1139.0,
            1420.0,
            1181.0,
            1376.0,
            1672.0,
            1276.0,
            1225.0,
            2038.0,
            1230.0,
            371.0,
            1773.0,
            597.0,
            646.0,
            1053.0,
            1368.0,
            798.0,
            693.0,
            467.0,
            923.0,
            1018.0
        ],
        [
            2118.0,
            2177.0,
            764.0,
            2086.0,
            903.0,
            2933.0,
            2525.0,
            2808.0,
            2568.0,
            1423.0,
            1061.0,
            2058.0,
            1139.0,
            0.0,
            2557.0,
            1995.0,
            2451.0,
            2802.0,
            1831.0,
            2363.0,
            2687.0,
            1855.0,
            769.0,
            2912.0,
            1722.0,
            587.0,
            1620.0,
            1754.0,
            1109.0,
            1779.0,
            1601.0,
            1822.0,
            1624.0
        ],
        [
            965.0,
            841.0,
            1795.0,
            561.0,
            1942.0,
            1767.0,
            994.0,
            280.0,
            525.0,
            1991.0,
            2152.0,
            2264.0,
            1420.0,
            2557.0,
            0.0,
            1421.0,
            729.0,
            435.0,
            1689.0,
            251.0,
            1892.0,
            1581.0,
            1788.0,
            373.0,
            842.0,
            2022.0,
            1624.0,
            1930.0,
            1837.0,
            837.0,
            972.0,
            1120.0,
            1571.0
        ],
        [
            458.0,
            1833.0,
            1453.0,
            923.0,
            1100.0,
            2940.0,
            684.0,
            1681.0,
            1032.0,
            763.0,
            1092.0,
            843.0,
            1181.0,
            1995.0,
            1421.0,
            0.0,
            799.0,
            1333.0,
            2329.0,
            1179.0,
            2928.0,
            2253.0,
            1407.0,
            1590.0,
            1194.0,
            1727.0,
            2137.0,
            2479.0,
            1975.0,
            1365.0,
            966.0,
            1803.0,
            2091.0
        ],
        [
            383.0,
            1410.0,
            1750.0,
            509.0,
            1655.0,
            2453.0,
            271.0,
            944.0,
            241.0,
            1507.0,
            1766.0,
            1621.0,
            1376.0,
            2451.0,
            729.0,
            799.0,
            0.0,
            536.0,
            2140.0,
            546.0,
            2529.0,
            2042.0,
            1722.0,
            806.0,
            1008.0,
            2021.0,
            2007.0,
            2349.0,
            2045.0,
            1122.0,
            939.0,
            1549.0,
            1954.0
        ],
        [
            895.0,
            1275.0,
            2056.0,
            716.0,
            2086.0,
            2172.0,
            742.0,
            505.0,
            302.0,
            2014.0,
            2241.0,
            2157.0,
            1672.0,
            2802.0,
            435.0,
            1333.0,
            536.0,
            0.0,
            2114.0,
            475.0,
            2318.0,
            2006.0,
            2040.0,
            289.0,
            1155.0,
            2307.0,
            2034.0,
            2350.0,
            2199.0,
            1197.0,
            1205.0,
            1534.0,
            1981.0
        ],
        [
            2065.0,
            868.0,
            1322.0,
            1637.0,
            1902.0,
            1117.0,
            2377.0,
            1791.0,
            2071.0,
            2360.0,
            2229.0,
            2957.0,
            1276.0,
            1831.0,
            1689.0,
            2329.0,
            2140.0,
            2114.0,
            0.0,
            1678.0,
            857.0,
            110.0,
            1368.0,
            2028.0,
            1171.0,
            1295.0,
            233.0,
            252.0,
            724.0,
            1026.0,
            1367.0,
            594.0,
            259.0
        ],
        [
            727.0,
            885.0,
            1607.0,
            315.0,
            1710.0,
            1908.0,
            817.0,
            529.0,
            402.0,
            1742.0,
            1909.0,
            2020.0,
            1225.0,
            2363.0,
            251.0,
            1179.0,
            546.0,
            475.0,
            1678.0,
            0.0,
            1992.0,
            1573.0,
            1595.0,
            553.0,
            683.0,
            1848.0,
            1579.0,
            1905.0,
            1725.0,
            724.0,
            763.0,
            1087.0,
            1526.0
        ],
        [
            2575.0,
            1125.0,
            2153.0,
            2082.0,
            2703.0,
            363.0,
            2795.0,
            1864.0,
            2386.0,
            3107.0,
            3027.0,
            3651.0,
            2038.0,
            2687.0,
            1892.0,
            2928.0,
            2529.0,
            2318.0,
            857.0,
            1992.0,
            0.0,
            849.0,
            2194.0,
            2133.0,
            1738.0,
            2149.0,
            1079.0,
            968.0,
            1581.0,
            1566.0,
            1986.0,
            1149.0,
            1087.0
        ],
        [
            1977.0,
            758.0,
            1307.0,
            1540.0,
            1873.0,
            1079.0,
            2281.0,
            1681.0,
            1968.0,
            2313.0,
            2199.0,
            2899.0,
            1230.0,
            1855.0,
            1581.0,
            2253.0,
            2042.0,
            2006.0,
            110.0,
            1573.0,
            849.0,
            0.0,
            1350.0,
            1918.0,
            1083.0,
            1303.0,
            236.0,
            361.0,
            747.0,
            933.0,
            1288.0,
            493.0,
            238.0
        ],
        [
            1421.0,
            1475.0,
            56.0,
            1325.0,
            558.0,
            2375.0,
            1830.0,
            2042.0,
            1817.0,
            1094.0,
            880.0,
            1752.0,
            371.0,
            769.0,
            1788.0,
            1407.0,
            1722.0,
            2040.0,
            1368.0,
            1595.0,
            2194.0,
            1350.0,
            0.0,
            2143.0,
            957.0,
            321.0,
            1135.0,
            1394.0,
            724.0,
            1030.0,
            836.0,
            1161.0,
            1115.0
        ],
        [
            1140.0,
            1164.0,
            2153.0,
            856.0,
            2255.0,
            1956.0,
            1027.0,
            269.0,
            565.0,
            2239.0,
            2438.0,
            2423.0,
            1773.0,
            2912.0,
            373.0,
            1590.0,
            806.0,
            289.0,
            2028.0,
            553.0,
            2133.0,
            1918.0,
            2143.0,
            0.0,
            1208.0,
            2386.0,
            1979.0,
            2273.0,
            2208.0,
            1209.0,
            1315.0,
            1475.0,
            1927.0
        ],
        [
            895.0,
            689.0,
            959.0,
            504.0,
            1214.0,
            1782.0,
            1222.0,
            1087.0,
            1003.0,
            1447.0,
            1485.0,
            1926.0,
            597.0,
            1722.0,
            842.0,
            1194.0,
            1008.0,
            1155.0,
            1171.0,
            683.0,
            1738.0,
            1083.0,
            957.0,
            1208.0,
            0.0,
            1180.0,
            1012.0,
            1359.0,
            1056.0,
            174.0,
            261.0,
            612.0,
            960.0
        ],
        [
            1733.0,
            1591.0,
            279.0,
            1598.0,
            800.0,
            2372.0,
            2142.0,
            2260.0,
            2101.0,
            1364.0,
            1095.0,
            2029.0,
            646.0,
            587.0,
            2022.0,
            1727.0,
            2021.0,
            2307.0,
            1295.0,
            1848.0,
            2149.0,
            1303.0,
            321.0,
            2386.0,
            1180.0,
            0.0,
            1071.0,
            1263.0,
            579.0,
            1215.0,
            1107.0,
            1235.0,
            1066.0
        ],
        [
            1900.0,
            851.0,
            1089.0,
            1499.0,
            1670.0,
            1315.0,
            2232.0,
            1759.0,
            1961.0,
            2134.0,
            1997.0,
            2739.0,
            1053.0,
            1620.0,
            1624.0,
            2137.0,
            2007.0,
            2034.0,
            233.0,
            1579.0,
            1079.0,
            236.0,
            1135.0,
            1979.0,
            1012.0,
            1071.0,
            0.0,
            348.0,
            512.0,
            886.0,
            1183.0,
            505.0,
            54.0
        ],
        [
            2247.0,
            1116.0,
            1343.0,
            1842.0,
            1946.0,
            1274.0,
            2577.0,
            2039.0,
            2294.0,
            2439.0,
            2272.0,
            3059.0,
            1368.0,
            1754.0,
            1930.0,
            2479.0,
            2349.0,
            2350.0,
            252.0,
            1905.0,
            968.0,
            361.0,
            1394.0,
            2273.0,
            1359.0,
            1263.0,
            348.0,
            0.0,
            687.0,
            1228.0,
            1529.0,
            819.0,
            399.0
        ],
        [
            1845.0,
            1208.0,
            671.0,
            1554.0,
            1281.0,
            1826.0,
            2226.0,
            2029.0,
            2058.0,
            1805.0,
            1603.0,
            2450.0,
            798.0,
            1109.0,
            1837.0,
            1975.0,
            2045.0,
            2199.0,
            724.0,
            1725.0,
            1581.0,
            747.0,
            724.0,
            2208.0,
            1056.0,
            579.0,
            512.0,
            687.0,
            0.0,
            1005.0,
            1118.0,
            823.0,
            520.0
        ],
        [
            1048.0,
            525.0,
            1022.0,
            615.0,
            1345.0,
            1610.0,
            1352.0,
            1052.0,
            1084.0,
            1610.0,
            1630.0,
            2099.0,
            693.0,
            1779.0,
            837.0,
            1365.0,
            1122.0,
            1197.0,
            1026.0,
            724.0,
            1566.0,
            933.0,
            1030.0,
            1209.0,
            174.0,
            1215.0,
            886.0,
            1228.0,
            1005.0,
            0.0,
            431.0,
            450.0,
            833.0
        ],
        [
            734.0,
            950.0,
            852.0,
            492.0,
            993.0,
            2041.0,
            1108.0,
            1240.0,
            996.0,
            1188.0,
            1245.0,
            1669.0,
            467.0,
            1601.0,
            972.0,
            966.0,
            939.0,
            1205.0,
            1367.0,
            763.0,
            1986.0,
            1288.0,
            836.0,
            1315.0,
            261.0,
            1107.0,
            1183.0,
            1529.0,
            1118.0,
            431.0,
            0.0,
            845.0,
            1134.0
        ],
        [
            1497.0,
            385.0,
            1133.0,
            1048.0,
            1605.0,
            1249.0,
            1790.0,
            1260.0,
            1479.0,
            1965.0,
            1918.0,
            2503.0,
            923.0,
            1822.0,
            1120.0,
            1803.0,
            1549.0,
            1534.0,
            594.0,
            1087.0,
            1149.0,
            493.0,
            1161.0,
            1475.0,
            612.0,
            1235.0,
            505.0,
            819.0,
            823.0,
            450.0,
            845.0,
            0.0,
            452.0
        ],
        [
            1849.0,
            804.0,
            1071.0,
            1446.0,
            1645.0,
            1310.0,
            2179.0,
            1708.0,
            1907.0,
            2101.0,
            1972.0,
            2701.0,
            1018.0,
            1624.0,
            1571.0,
            2091.0,
            1954.0,
            1981.0,
            259.0,
            1526.0,
            1087.0,
            238.0,
            1115.0,
            1927.0,
            960.0,
            1066.0,
            54.0,
            399.0,
            520.0,
            833.0,
            1134.0,
            452.0,
            0.0
        ]
    ],
    "_travel_distance_matrix": [
        [
            0,
            13,
            13,
            5,
            11,
            22,
            4,
            11,
            5,
            10,
            12,
            11,
            10,
            18,
            9,
            4,
            4,
            8,
            18,
            7,
            22,
            17,
            12,
            10,
            8,
            15,
            16,
            19,
            16,
            9,
            7,
            13,
            16
        ],
        [
            13,
            0,
            13,
            8,
            16,
            10,
            14,
            8,
            11,
            18,
            18,
            22,
            10,
            19,
            8,
            16,
            12,
            11,
            8,
            8,
            10,
            7,
            13,
            10,
            6,
            14,
            8,
            10,
            11,
            5,
            8,
            4,
            7
        ],
        [
            13,
            13,
            0,
            12,
            6,
            20,
            16,
            18,
            16,
            10,
            8,
            16,
            4,
            7,
            15,
            13,
            15,
            18,
            12,
            14,
            18,
            11,
            1,
            18,
            8,
            3,
            10,
            12,
            6,
            9,
            8,
            10,
            9
        ],
        [
            5,
            8,
            12,
            0,
            12,
            18,
            7,
            8,
            5,
            12,
            14,
            15,
            8,
            18,
            5,
            8,
            5,
            6,
            14,
            3,
            18,
            13,
            12,
            8,
            5,
            14,
            13,
            16,
            13,
            6,
            5,
            9,
            13
        ],
        [
            11,
            16,
            6,
            12,
            0,
            24,
            14,
            19,
            16,
            5,
            3,
            11,
            6,
            8,
            17,
            10,
            14,
            18,
            16,
            15,
            23,
            16,
            5,
            19,
            11,
            7,
            14,
            17,
            11,
            12,
            9,
            14,
            14
        ],
        [
            22,
            10,
            20,
            18,
            24,
            0,
            23,
            15,
            20,
            27,
            27,
            31,
            19,
            25,
            15,
            25,
            21,
            19,
            10,
            16,
            4,
            9,
            20,
            17,
            15,
            20,
            11,
            11,
            16,
            14,
            18,
            11,
            11
        ],
        [
            4,
            14,
            16,
            7,
            14,
            23,
            0,
            10,
            5,
            12,
            15,
            13,
            13,
            22,
            9,
            6,
            3,
            7,
            20,
            7,
            24,
            20,
            16,
            9,
            11,
            18,
            19,
            22,
            19,
            12,
            10,
            15,
            19
        ],
        [
            11,
            8,
            18,
            8,
            19,
            15,
            10,
            0,
            6,
            19,
            21,
            22,
            14,
            24,
            3,
            15,
            8,
            5,
            15,
            5,
            16,
            15,
            18,
            3,
            10,
            19,
            15,
            17,
            17,
            9,
            11,
            11,
            15
        ],
        [
            5,
            11,
            16,
            5,
            16,
            20,
            5,
            6,
            0,
            15,
            17,
            16,
            13,
            22,
            5,
            9,
            3,
            3,
            18,
            4,
            20,
            17,
            16,
            5,
            9,
            18,
            17,
            20,
            18,
            10,
            9,
            13,
            16
        ],
        [
            10,
            18,
            10,
            12,
            5,
            27,
            12,
            19,
            15,
            0,
            4,
            6,
            10,
            12,
            17,
            7,
            13,
            17,
            20,
            15,
            26,
            20,
            10,
            19,
            13,
            12,
            18,
            21,
            16,
            14,
            10,
            17,
            18
        ],
        [
            12,
            18,
            8,
            14,
            3,
            27,
            15,
            21,
            17,
            4,
            0,
            9,
            9,
            9,
            18,
            10,
            15,
            19,
            19,
            16,
            26,
            19,
            8,
            21,
            13,
            10,
            17,
            19,
            14,
            14,
            11,
            16,
            17
        ],
        [
            11,
            22,
            16,
            15,
            11,
            31,
            13,
            22,
            16,
            6,
            9,
            0,
            15,
            18,
            19,
            8,
            14,
            18,
            25,
            17,
            31,
            25,
            15,
            21,
            17,
            17,
            23,
            26,
            21,
            18,
            14,
            21,
            23
        ],
        [
            10,
            10,
            4,
            8,
            6,
            19,
            13,
            14,
            13,
            10,
            9,
            15,
            0,
            10,
            12,
            10,
            12,
            14,
            11,
            11,
            17,
            11,
            4,
            15,
            5,
            6,
            9,
            12,
            7,
            6,
            4,
            8,
            9
        ],
        [
            18,
            19,
            7,
            18,
            8,
            25,
            22,
            24,
            22,
            12,
            9,
            18,
            10,
            0,
            22,
            17,
            21,
            24,
            16,
            20,
            23,
            16,
            7,
            25,
            15,
            5,
            14,
            15,
            10,
            15,
            14,
            16,
            14
        ],
        [
            9,
            8,
            15,
            5,
            17,
            15,
            9,
            3,
            5,
            17,
            18,
            19,
            12,
            22,
            0,
            12,
            7,
            4,
            15,
            3,
            16,
            14,
            15,
            4,
            8,
            17,
            14,
            17,
            16,
            7,
            9,
            10,
            14
        ],
        [
            4,
            16,
            13,
            8,
            10,
            25,
            6,
            15,
            9,
            7,
            10,
            8,
            10,
            17,
            12,
            0,
            7,
            12,
            20,
            10,
            25,
            19,
            12,
            14,
            10,
            15,
            18,
            21,
            17,
            12,
            9,
            16,
            18
        ],
        [
            4,
            12,
            15,
            5,
            14,
            21,
            3,
            8,
            3,
            13,
            15,
            14,
            12,
            21,
            7,
            7,
            0,
            5,
            18,
            5,
            22,
            18,
            15,
            7,
            9,
            17,
            17,
            20,
            18,
            10,
            8,
            13,
            17
        ],
        [
            8,
            11,
            18,
            6,
            18,
            19,
            7,
            5,
            3,
            17,
            19,
            18,
            14,
            24,
            4,
            12,
            5,
            0,
            18,
            4,
            20,
            17,
            17,
            3,
            10,
            20,
            17,
            20,
            19,
            10,
            11,
            13,
            17
        ],
        [
            18,
            8,
            12,
            14,
            16,
            10,
            20,
            15,
            18,
            20,
            19,
            25,
            11,
            16,
            15,
            20,
            18,
            18,
            0,
            14,
            8,
            1,
            12,
            17,
            10,
            11,
            2,
            3,
            7,
            9,
            12,
            5,
            3
        ],
        [
            7,
            8,
            14,
            3,
            15,
            16,
            7,
            5,
            4,
            15,
            16,
            17,
            11,
            20,
            3,
            10,
