{
    "_id_": "t=euclidean+d=7+c=3+n=10+v=3+o=100+r=01",
    "meta": {
        "t": "euclidean",
        "d": 7,
        "c": 3,
        "n": 10,
        "v": 3,
        "o": 100,
        "r": 1
    },
    "num_carriers": 3,
    "max_vehicle_load": 999999999,
    "max_tour_distance": 999999999,
    "max_tour_duration": 999999999,
    "carriers_max_num_tours": 3,
    "requests": [
        0,
        1,
        2,
        3,
        4,
        5,
        6,
        7,
        8,
        9,
        10,
        11,
        12,
        13,
        14,
        15,
        16,
        17,
        18,
        19,
        20,
        21,
        22,
        23,
        24,
        25,
        26,
        27,
        28,
        29
    ],
    "num_requests": 30,
    "num_requests_per_carrier": 10,
    "vertex_x_coords": [
        19.5,
        9.000000000000002,
        8.999999999999996,
        21.875294001846505,
        15.101528506346687,
        12.833834920509057,
        17.44613228346739,
        4.5325813547007545,
        21.547776397514813,
        0.05627178974002278,
        22.50016930092249,
        16.61691849348127,
        11.85753232650233,
        22.810035449587645,
        17.63801944484274,
        2.0207918454676204,
        1.022641866550833,
        1.5747695018229313,
        10.180760275873432,
        18.64299076698422,
        4.629619575746139,
        20.71031157078863,
        7.303297375090037,
        1.7687274685862535,
        1.9650089339523613,
        20.706128423670652,
        6.948396348927243,
        16.38537115159912,
        11.061976895236272,
        24.269357499946505,
        3.4922814972486034,
        3.581380412306931,
        4.1308489520464615
    ],
    "vertex_y_coords": [
        12.5,
        18.562177826491073,
        6.4378221735089305,
        3.9470246426683313,
        9.0116567782858,
        7.5611513638693815,
        9.789231316019151,
        13.939414565575966,
        7.881777045311672,
        22.014833431064712,
        21.128759329995148,
        8.077002667132701,
        2.491180325351544,
        3.2447464398550148,
        18.770556371123778,
        10.691587933793764,
        18.0516799396593,
        19.354344394667685,
        0.6402132474058103,
        0.8533414387457389,
        24.379730137473228,
        23.821132331349478,
        18.587413509569306,
        24.45430113951924,
        20.26291432147593,
        17.077960417060627,
        8.333276680561456,
        6.644538220904741,
        13.15540752474233,
        1.277283165149451,
        23.754424825631848,
        10.774111570256196,
        18.023495858124146
    ],
    "request_to_carrier_assignment": [
        0,
        0,
        0,
        0,
        0,
        0,
        0,
        0,
        0,
        0,
        1,
        1,
        1,
        1,
        1,
        1,
        1,
        1,
        1,
        1,
        2,
        2,
        2,
        2,
        2,
        2,
        2,
        2,
        2,
        2
    ],
    "request_disclosure_time": [
        "0001-01-01T00:00:00",
        "0001-01-01T03:24:00",
        "0001-01-01T06:48:00",
        "0001-01-01T10:12:00",
        "0001-01-01T13:36:00",
        "0001-01-01T17:00:00",
        "0001-01-01T20:24:00",
        "0001-01-01T23:48:00",
        "0001-01-02T03:12:00",
        "0001-01-02T06:36:00",
        "0001-01-01T00:00:00",
        "0001-01-01T03:24:00",
        "0001-01-01T06:48:00",
        "0001-01-01T10:12:00",
        "0001-01-01T13:36:00",
        "0001-01-01T17:00:00",
        "0001-01-01T20:24:00",
        "0001-01-01T23:48:00",
        "0001-01-02T03:12:00",
        "0001-01-02T06:36:00",
        "0001-01-01T00:00:00",
        "0001-01-01T03:24:00",
        "0001-01-01T06:48:00",
        "0001-01-01T10:12:00",
        "0001-01-01T13:36:00",
        "0001-01-01T17:00:00",
        "0001-01-01T20:24:00",
        "0001-01-01T23:48:00",
        "0001-01-02T03:12:00",
        "0001-01-02T06:36:00"
    ],
    "vertex_revenue": [
        0,
        0,
        0,
        1,
        1,
        1,
        1,
        1,
        1,
        1,
        1,
        1,
        1,
        1,
        1,
        1,
        1,
        1,
        1,
        1,
        1,
        1,
        1,
        1,
        1,
        1,
        1,
        1,
        1,
        1,
        1,
        1,
        1
    ],
    "vertex_load": [
        0,
        0,
        0,
        1,
        1,
        1,
        1,
        1,
        1,
        1,
        1,
        1,
        1,
        1,
        1,
        1,
        1,
        1,
        1,
        1,
        1,
        1,
        1,
        1,
        1,
        1,
        1,
        1,
        1,
        1,
        1,
        1,
        1
    ],
    "vertex_service_duration": [
        0,
        0,
        0,
        240.0,
        240.0,
        240.0,
        240.0,
        240.0,
        240.0,
        240.0,
        240.0,
        240.0,
        240.0,
        240.0,
        240.0,
        240.0,
        240.0,
        240.0,
        240.0,
        240.0,
        240.0,
        240.0,
        240.0,
        240.0,
        240.0,
        240.0,
        240.0,
        240.0,
        240.0,
        240.0,
        240.0,
        240.0,
        240.0
    ],
    "tw_open": [
        "0001-01-02T10:00:00",
        "0001-01-02T10:00:00",
        "0001-01-02T10:00:00",
        "0001-01-02T10:00:00",
        "0001-01-02T10:00:00",
        "0001-01-02T10:00:00",
        "0001-01-02T10:00:00",
        "0001-01-02T10:00:00",
        "0001-01-02T10:00:00",
        "0001-01-02T10:00:00",
        "0001-01-02T10:00:00",
        "0001-01-02T10:00:00",
        "0001-01-02T10:00:00",
        "0001-01-02T10:00:00",
        "0001-01-02T10:00:00",
        "0001-01-02T10:00:00",
        "0001-01-02T10:00:00",
        "0001-01-02T10:00:00",
        "0001-01-02T10:00:00",
        "0001-01-02T10:00:00",
        "0001-01-02T10:00:00",
        "0001-01-02T10:00:00",
        "0001-01-02T10:00:00",
        "0001-01-02T10:00:00",
        "0001-01-02T10:00:00",
        "0001-01-02T10:00:00",
        "0001-01-02T10:00:00",
        "0001-01-02T10:00:00",
        "0001-01-02T10:00:00",
        "0001-01-02T10:00:00",
        "0001-01-02T10:00:00",
        "0001-01-02T10:00:00",
        "0001-01-02T10:00:00"
    ],
    "tw_close": [
        "0001-01-02T18:00:00",
        "0001-01-02T18:00:00",
        "0001-01-02T18:00:00",
        "0001-01-02T18:00:00",
        "0001-01-02T18:00:00",
        "0001-01-02T18:00:00",
        "0001-01-02T18:00:00",
        "0001-01-02T18:00:00",
        "0001-01-02T18:00:00",
        "0001-01-02T18:00:00",
        "0001-01-02T18:00:00",
        "0001-01-02T18:00:00",
        "0001-01-02T18:00:00",
        "0001-01-02T18:00:00",
        "0001-01-02T18:00:00",
        "0001-01-02T18:00:00",
        "0001-01-02T18:00:00",
        "0001-01-02T18:00:00",
        "0001-01-02T18:00:00",
        "0001-01-02T18:00:00",
        "0001-01-02T18:00:00",
        "0001-01-02T18:00:00",
        "0001-01-02T18:00:00",
        "0001-01-02T18:00:00",
        "0001-01-02T18:00:00",
        "0001-01-02T18:00:00",
        "0001-01-02T18:00:00",
        "0001-01-02T18:00:00",
        "0001-01-02T18:00:00",
        "0001-01-02T18:00:00",
        "0001-01-02T18:00:00",
        "0001-01-02T18:00:00",
        "0001-01-02T18:00:00"
    ],
    "_travel_duration_matrix": [
        [
            0.0,
            1455.0,
            1455.0,
            1066.0,
            674.0,
            996.0,
            409.0,
            1805.0,
            607.0,
            2598.0,
            1097.0,
            634.0,
            1512.0,
            1180.0,
            785.0,
            2109.0,
            2316.0,
            2303.0,
            1810.0,
            1402.0,
            2284.0,
            1367.0,
            1636.0,
            2567.0,
            2302.0,
            569.0,
            1588.0,
            796.0,
            1016.0,
            1464.0,
            2349.0,
            1922.0,
            1960.0
        ],
        [
            1455.0,
            0.0,
            1455.0,
            2338.0,
            1360.0,
            1398.0,
            1462.0,
            772.0,
            1978.0,
            1151.0,
            1650.0,
            1556.0,
            1959.0,
            2475.0,
            1037.0,
            1263.0,
            960.0,
            897.0,
            2156.0,
            2420.0,
            874.0,
            1541.0,
            204.0,
            1120.0,
            869.0,
            1416.0,
            1252.0,
            1683.0,
            695.0,
            2768.0,
            909.0,
            1139.0,
            588.0
        ],
        [
            1455.0,
            1455.0,
            0.0,
            1574.0,
            795.0,
            480.0,
            1091.0,
            1048.0,
            1516.0,
            2156.0,
            2395.0,
            935.0,
            585.0,
            1701.0,
            1807.0,
            981.0,
            1691.0,
            1788.0,
            710.0,
            1338.0,
            2216.0,
            2516.0,
            1473.0,
            2330.0,
            1862.0,
            1899.0,
            336.0,
            887.0,
            844.0,
            1935.0,
            2181.0,
            833.0,
            1509.0
        ],
        [
            1066.0,
            2338.0,
            1574.0,
            0.0,
            1015.0,
            1169.0,
            880.0,
            2402.0,
            474.0,
            3400.0,
            2064.0,
            803.0,
            1215.0,
            141.0,
            1851.0,
            2517.0,
            3021.0,
            3059.0,
            1459.0,
            537.0,
            3209.0,
            2389.0,
            2479.0,
            3447.0,
            3089.0,
            1582.0,
            1867.0,
            735.0,
            1705.0,
            431.0,
            3243.0,
            2344.0,
            2718.0
        ],
        [
            674.0,
            1360.0,
            795.0,
            1015.0,
            0.0,
            324.0,
            297.0,
            1400.0,
            786.0,
            2387.0,
            1704.0,
            214.0,
            874.0,
            1156.0,
            1210.0,
            1583.0,
            2008.0,
            2044.0,
            1166.0,
            1068.0,
            2232.0,
            1901.0,
            1482.0,
            2449.0,
            2076.0,
            1179.0,
            982.0,
            324.0,
            695.0,
            1440.0,
            2252.0,
            1399.0,
            1704.0
        ],
        [
            996.0,
            1398.0,
            480.0,
            1169.0,
            324.0,
            0.0,
            615.0,
            1257.0,
            1047.0,
            2316.0,
            2000.0,
            459.0,
            620.0,
            1305.0,
            1464.0,
            1351.0,
            1896.0,
            1957.0,
            890.0,
            1065.0,
            2246.0,
            2169.0,
            1481.0,
            2424.0,
            2007.0,
            1483.0,
            713.0,
            441.0,
            705.0,
            1566.0,
            2244.0,
            1176.0,
            1634.0
        ],
        [
            409.0,
            1462.0,
            1091.0,
            880.0,
            297.0,
            615.0,
            0.0,
            1628.0,
            543.0,
            2551.0,
            1490.0,
            229.0,
            1104.0,
            1016.0,
            1079.0,
            1855.0,
            2207.0,
            2224.0,
            1402.0,
            1082.0,
            2331.0,
            1729.0,
            1612.0,
            2577.0,
            2243.0,
            959.0,
            1272.0,
            399.0,
            867.0,
            1310.0,
            2370.0,
            1668.0,
            1879.0
        ],
        [
            1805.0,
            772.0,
            1048.0,
            2402.0,
            1400.0,
            1257.0,
            1628.0,
            0.0,
            2168.0,
            1108.0,
            2323.0,
            1612.0,
            1631.0,
            2542.0,
            1677.0,
            493.0,
            649.0,
            741.0,
            1734.0,
            2310.0,
            1253.0,
            2275.0,
            650.0,
            1305.0,
            819.0,
            1978.0,
            733.0,
            1671.0,
            790.0,
            2814.0,
            1185.0,
            397.0,
            493.0
        ],
        [
            607.0,
            1978.0,
            1516.0,
            474.0,
            786.0,
            1047.0,
            543.0,
            2168.0,
            0.0,
            3087.0,
            1594.0,
            593.0,
            1331.0,
            577.0,
            1389.0,
            2368.0,
            2749.0,
            2765.0,
            1618.0,
            913.0,
            2836.0,
            1916.0,
            2139.0,
            3097.0,
            2781.0,
            1109.0,
            1753.0,
            638.0,
            1409.0,
            858.0,
            2885.0,
            2184.0,
            2419.0
        ],
        [
            2598.0,
            1151.0,
            2156.0,
            3400.0,
            2387.0,
            2316.0,
            2551.0,
            1108.0,
            3087.0,
            0.0,
            2696.0,
            2598.0,
            2738.0,
            3540.0,
            2146.0,
            1380.0,
            490.0,
            368.0,
            2839.0,
            3380.0,
            618.0,
            2488.0,
            962.0,
            358.0,
            311.0,
            2548.0,
            1839.0,
            2692.0,
            1696.0,
            3826.0,
            463.0,
            1414.0,
            685.0
        ],
        [
            1097.0,
            1650.0,
            2395.0,
            2064.0,
            1704.0,
            2000.0,
            1490.0,
            2323.0,
            1594.0,
            2696.0,
            0.0,
            1718.0,
            2576.0,
            2147.0,
            649.0,
            2759.0,
            2604.0,
            2521.0,
            2869.0,
            2477.0,
            2180.0,
            388.0,
            1849.0,
            2520.0,
            2467.0,
            532.0,
            2417.0,
            1887.0,
            1674.0,
            2392.0,
            2303.0,
            2589.0,
            2236.0
        ],
        [
            634.0,
            1556.0,
            935.0,
            803.0,
            214.0,
            459.0,
            229.0,
            1612.0,
            593.0,
            2598.0,
            1718.0,
            0.0,
            881.0,
            943.0,
            1290.0,
            1780.0,
            2222.0,
            2257.0,
            1181.0,
            901.0,
            2429.0,
            1953.0,
            1686.0,
            2653.0,
            2287.0,
            1187.0,
            1161.0,
            175.0,
            904.0,
            1229.0,
            2454.0,
            1598.0,
            1916.0
        ],
        [
            1512.0,
            1959.0,
            585.0,
            1215.0,
            874.0,
            620.0,
            1104.0,
            1631.0,
            1331.0,
            2738.0,
            2576.0,
            881.0,
            0.0,
            1318.0,
            2074.0,
            1537.0,
            2276.0,
            2371.0,
            300.0,
            838.0,
            2767.0,
            2772.0,
            2008.0,
            2901.0,
            2441.0,
            2048.0,
            916.0,
            738.0,
            1284.0,
            1497.0,
            2742.0,
            1406.0,
            2082.0
        ],
        [
            1180.0,
            2475.0,
            1701.0,
            141.0,
            1156.0,
            1305.0,
            1016.0,
            2542.0,
            577.0,
            3540.0,
            2147.0,
            943.0,
            1318.0,
            0.0,
            1964.0,
            2650.0,
            3162.0,
            3199.0,
            1548.0,
            577.0,
            3346.0,
            2482.0,
            2618.0,
            3586.0,
            3230.0,
            1680.0,
            1999.0,
            873.0,
            1845.0,
            294.0,
            3381.0,
            2479.0,
            2859.0
        ],
        [
            785.0,
            1037.0,
            1807.0,
            1851.0,
            1210.0,
            1464.0,
            1079.0,
            1677.0,
            1389.0,
            2146.0,
            649.0,
            1290.0,
            2074.0,
            1964.0,
            0.0,
            2110.0,
            1996.0,
            1929.0,
            2353.0,
            2154.0,
            1700.0,
            710.0,
            1241.0,
            2023.0,
            1890.0,
            421.0,
            1793.0,
            1463.0,
            1038.0,
            2245.0,
            1800.0,
            1941.0,
            1624.0
        ],
        [
            2109.0,
            1263.0,
            981.0,
            2517.0,
            1583.0,
            1351.0,
            1855.0,
            493.0,
            2368.0,
            1380.0,
            2759.0,
            1780.0,
            1537.0,
            2650.0,
            2110.0,
            0.0,
            892.0,
            1041.0,
            1554.0,
            2318.0,
            1673.0,
            2741.0,
            1140.0,
            1652.0,
            1149.0,
            2370.0,
            656.0,
            1791.0,
            1125.0,
            2900.0,
            1578.0,
            188.0,
            916.0
        ],
        [
            2316.0,
            960.0,
            1691.0,
            3021.0,
            2008.0,
            1896.0,
            2207.0,
            649.0,
            2749.0,
            490.0,
            2604.0,
            2222.0,
            2276.0,
            3162.0,
            1996.0,
            892.0,
            0.0,
            170.0,
            2361.0,
            2955.0,
            875.0,
            2462.0,
            757.0,
            774.0,
            289.0,
            2365.0,
            1366.0,
            2297.0,
            1341.0,
            3441.0,
            746.0,
            926.0,
            374.0
        ],
        [
            2303.0,
            897.0,
            1788.0,
            3059.0,
            2044.0,
            1957.0,
            2224.0,
            741.0,
            2765.0,
            368.0,
            2521.0,
            2257.0,
            2371.0,
            3199.0,
            1929.0,
            1041.0,
            170.0,
            0.0,
            2472.0,
            3021.0,
            706.0,
            2358.0,
            694.0,
            613.0,
            119.0,
            2312.0,
            1472.0,
            2342.0,
            1360.0,
            3482.0,
            576.0,
            1058.0,
            346.0
        ],
        [
            1810.0,
            2156.0,
            710.0,
            1459.0,
            1166.0,
            890.0,
            1402.0,
            1734.0,
            1618.0,
            2839.0,
            2869.0,
            1181.0,
            300.0,
            1548.0,
            2353.0,
            1554.0,
            2361.0,
            2472.0,
            0.0,
            1016.0,
            2926.0,
            3056.0,
            2182.0,
            3031.0,
            2553.0,
            2343.0,
            1002.0,
            1037.0,
            1506.0,
            1693.0,
            2888.0,
            1452.0,
            2209.0
        ],
        [
            1402.0,
            2420.0,
            1338.0,
            537.0,
            1068.0,
            1065.0,
            1082.0,
            2310.0,
            913.0,
            3380.0,
            2477.0,
            901.0,
            838.0,
            577.0,
            2154.0,
            2318.0,
            2955.0,
            3021.0,
            1016.0,
            0.0,
            3287.0,
            2768.0,
            2526.0,
            3482.0,
            3071.0,
            1963.0,
            1666.0,
            746.0,
            1735.0,
            678.0,
            3296.0,
            2165.0,
            2698.0
        ],
        [
            2284.0,
            874.0,
            2216.0,
            3209.0,
            2232.0,
            2246.0,
            2331.0,
            1253.0,
            2836.0,
            618.0,
            2180.0,
            2429.0,
            2767.0,
            3346.0,
            1700.0,
            1673.0,
            875.0,
            706.0,
            2926.0,
            3287.0,
            0.0,
            1931.0,
            766.0,
            344.0,
            589.0,
            2119.0,
            1946.0,
            2554.0,
            1553.0,
            3639.0,
            156.0,
            1638.0,
            766.0
        ],
        [
            1367.0,
            1541.0,
            2516.0,
            2389.0,
            1901.0,
            2169.0,
            1729.0,
            2275.0,
            1916.0,
            2488.0,
            388.0,
            1953.0,
            2772.0,
            2482.0,
            710.0,
            2741.0,
            2462.0,
            2358.0,
            3056.0,
            2768.0,
            1931.0,
            0.0,
            1728.0,
            2275.0,
            2290.0,
            810.0,
            2487.0,
            2126.0,
            1726.0,
            2739.0,
            2067.0,
            2584.0,
            2108.0
        ],
        [
            1636.0,
            204.0,
            1473.0,
            2479.0,
            1482.0,
            1481.0,
            1612.0,
            650.0,
            2139.0,
            962.0,
            1849.0,
            1686.0,
            2008.0,
            2618.0,
            1241.0,
            1140.0,
            757.0,
            694.0,
            2182.0,
            2526.0,
            766.0,
            1728.0,
            0.0,
            968.0,
            672.0,
            1619.0,
            1232.0,
            1801.0,
            793.0,
            2909.0,
            771.0,
            1039.0,
            387.0
        ],
        [
            2567.0,
            1120.0,
            2330.0,
            3447.0,
            2449.0,
            2424.0,
            2577.0,
            1305.0,
            3097.0,
            358.0,
            2520.0,
            2653.0,
            2901.0,
            3586.0,
            2023.0,
            1652.0,
            774.0,
            613.0,
            3031.0,
            3482.0,
            344.0,
            2275.0,
            968.0,
            0.0,
            504.0,
            2439.0,
            2032.0,
            2765.0,
            1756.0,
            3877.0,
            224.0,
            1656.0,
            823.0
        ],
        [
            2302.0,
            869.0,
            1862.0,
            3089.0,
            2076.0,
            2007.0,
            2243.0,
            819.0,
            2781.0,
            311.0,
            2467.0,
            2287.0,
            2441.0,
            3230.0,
            1890.0,
            1149.0,
            289.0,
            119.0,
            2553.0,
            3071.0,
            589.0,
            2290.0,
            672.0,
            504.0,
            0.0,
            2282.0,
            1552.0,
            2381.0,
            1386.0,
            3515.0,
            458.0,
            1156.0,
            374.0
        ],
        [
            569.0,
            1416.0,
            1899.0,
            1582.0,
            1179.0,
            1483.0,
            959.0,
            1978.0,
            1109.0,
            2548.0,
            532.0,
            1187.0,
            2048.0,
            1680.0,
            421.0,
            2370.0,
            2365.0,
            2312.0,
            2343.0,
            1963.0,
            2119.0,
            810.0,
            1619.0,
            2439.0,
            2282.0,
            0.0,
            1957.0,
            1356.0,
            1250.0,
            1944.0,
            2216.0,
            2190.0,
            1993.0
        ],
        [
            1588.0,
            1252.0,
            336.0,
            1867.0,
            982.0,
            713.0,
            1272.0,
            733.0,
            1753.0,
            1839.0,
            2417.0,
            1161.0,
            916.0,
            1999.0,
            1793.0,
            656.0,
            1366.0,
            1472.0,
            1002.0,
            1666.0,
            1946.0,
            2487.0,
            1232.0,
            2032.0,
            1552.0,
            1957.0,
            0.0,
            1151.0,
            761.0,
            2245.0,
            1897.0,
            500.0,
            1211.0
        ],
        [
            796.0,
            1683.0,
            887.0,
            735.0,
            324.0,
            441.0,
            399.0,
            1671.0,
            638.0,
            2692.0,
            1887.0,
            175.0,
            738.0,
            873.0,
            1463.0,
            1791.0,
            2297.0,
            2342.0,
            1037.0,
            746.0,
            2554.0,
            2126.0,
            1801.0,
            2765.0,
            2381.0,
            1356.0,
            1151.0,
            0.0,
            1010.0,
            1145.0,
            2571.0,
            1615.0,
            2007.0
        ],
        [
            1016.0,
            695.0,
            844.0,
            1705.0,
            695.0,
            705.0,
            867.0,
            790.0,
            1409.0,
            1696.0,
            1674.0,
            904.0,
            1284.0,
            1845.0,
            1038.0,
            1125.0,
            1341.0,
            1360.0,
            1506.0,
            1735.0,
            1553.0,
            1726.0,
            793.0,
            1756.0,
            1386.0,
            1250.0,
            761.0,
            1010.0,
            0.0,
            2132.0,
            1563.0,
            943.0,
            1017.0
        ],
        [
            1464.0,
            2768.0,
            1935.0,
            431.0,
            1440.0,
            1566.0,
            1310.0,
            2814.0,
            858.0,
            3826.0,
            2392.0,
            1229.0,
            1497.0,
            294.0,
            2245.0,
            2900.0,
            3441.0,
            3482.0,
            1693.0,
            678.0,
            3639.0,
            2739.0,
            2909.0,
            3877.0,
            3515.0,
            1944.0,
            2245.0,
            1145.0,
            2132.0,
            0.0,
            3674.0,
            2732.0,
            3143.0
        ],
        [
            2349.0,
            909.0,
            2181.0,
            3243.0,
            2252.0,
            2244.0,
            2370.0,
            1185.0,
            2885.0,
            463.0,
            2303.0,
            2454.0,
            2742.0,
            3381.0,
            1800.0,
            1578.0,
            746.0,
            576.0,
            2888.0,
            3296.0,
            156.0,
            2067.0,
            771.0,
            224.0,
            458.0,
            2216.0,
            1897.0,
            2571.0,
            1563.0,
            3674.0,
            0.0,
            1558.0,
            692.0
        ],
        [
            1922.0,
            1139.0,
            833.0,
            2344.0,
            1399.0,
            1176.0,
            1668.0,
            397.0,
            2184.0,
            1414.0,
            2589.0,
            1598.0,
            1406.0,
            2479.0,
            1941.0,
            188.0,
            926.0,
            1058.0,
            1452.0,
            2165.0,
            1638.0,
            2584.0,
            1039.0,
            1656.0,
            1156.0,
            2190.0,
            500.0,
            1615.0,
            943.0,
            2732.0,
            1558.0,
            0.0,
            873.0
        ],
        [
            1960.0,
            588.0,
            1509.0,
            2718.0,
            1704.0,
            1634.0,
            1879.0,
            493.0,
            2419.0,
            685.0,
            2236.0,
            1916.0,
            2082.0,
            2859.0,
            1624.0,
            916.0,
            374.0,
            346.0,
            2209.0,
            2698.0,
            766.0,
            2108.0,
            387.0,
            823.0,
            374.0,
            1993.0,
            1211.0,
            2007.0,
            1017.0,
            3143.0,
            692.0,
            873.0,
            0.0
        ]
    ],
    "_travel_distance_matrix": [
        [
            0,
            13,
            13,
            9,
            6,
            9,
            4,
            16,
            6,
            22,
            10,
            6,
            13,
            10,
            7,
            18,
            20,
            20,
            16,
            12,
            20,
            12,
            14,
            22,
            20,
            5,
            14,
            7,
            9,
            13,
            20,
            17,
            17
        ],
        [
            13,
            0,
            13,
            20,
            12,
            12,
            13,
            7,
            17,
            10,
            14,
            13,
            17,
            21,
            9,
            11,
            8,
            8,
            18,
            21,
            8,
            13,
            2,
            10,
            8,
            12,
            11,
            15,
            6,
            24,
            8,
            10,
            5
        ],
        [
            13,
            13,
            0,
            14,
            7,
            4,
            10,
            9,
            13,
            18,
            20,
            8,
            5,
            15,
            16,
            9,
            15,
            15,
            6,
            12,
            19,
            21,
            13,
            20,
            16,
            16,
            3,
            8,
            8,
            17,
            19,
            7,
            13
        ],
        [
            9,
            20,
            14,
            0,
            9,
            10,
            8,
            21,
            4,
            29,
            18,
            7,
            11,
            2,
            16,
            21,
            26,
            26,
            13,
            5,
            27,
            20,
            21,
            29,
            26,
            14,
            16,
            7,
            15,
            4,
            28,
            20,
            23
        ],
        [
            6,
            12,
            7,
            9,
            0,
            3,
            3,
            12,
            7,
            20,
            15,
            2,
            8,
            10,
            11,
            14,
            17,
            18,
            10,
            9,
            19,
            16,
            13,
            21,
            18,
            10,
            9,
            3,
            6,
            12,
            19,
            12,
            15
        ],
        [
            9,
            12,
            4,
            10,
            3,
            0,
            6,
            11,
            9,
            20,
            17,
            4,
            6,
            11,
            13,
            12,
            16,
            17,
            8,
            9,
            19,
            19,
            13,
            21,
            17,
            13,
            6,
            4,
            6,
            14,
            19,
            10,
            14
        ],
        [
            4,
            13,
            10,
            8,
            3,
            6,
            0,
            14,
            5,
            22,
            13,
            2,
            10,
            9,
            9,
            16,
            19,
            19,
            12,
            10,
            20,
            15,
            14,
            22,
            19,
            8,
            11,
            4,
            8,
            11,
            20,
            14,
            16
        ],
        [
            16,
            7,
            9,
            21,
            12,
            11,
            14,
            0,
            19,
            10,
            20,
            14,
            14,
            22,
            14,
            5,
            6,
            7,
            15,
            20,
            11,
            19,
            6,
            11,
            7,
            17,
            7,
            14,
            7,
            24,
            10,
            4,
            5
        ],
        [
            6,
            17,
            13,
            4,
            7,
            9,
            5,
            19,
            0,
            26,
            14,
            5,
            12,
            5,
            12,
            20,
            23,
            24,
            14,
            8,
            24,
            16,
            18,
            26,
            24,
            10,
            15,
            6,
            12,
            8,
            25,
            19,
            21
        ],
        [
            22,
            10,
            18,
            29,
            20,
            20,
            22,
            10,
            26,
            0,
            23,
            22,
            23,
            30,
            18,
            12,
            5,
            4,
            24,
            29,
            6,
            21,
            9,
            3,
            3,
            22,
            16,
            23,
            15,
            32,
            4,
            12,
            6
        ],
        [
            10,
            14,
            20,
            18,
            15,
            17,
            13,
            20,
            14,
            23,
            0,
            15,
            22,
            18,
            6,
            23,
            22,
            22,
            24,
            21,
            19,
            4,
            16,
            21,
            21,
            5,
            21,
            16,
            14,
            20,
            20,
            22,
            19
        ],
        [
            6,
            13,
            8,
            7,
            2,
            4,
            2,
            14,
            5,
            22,
            15,
            0,
            8,
            8,
            11,
            15,
            19,
            19,
            10,
            8,
            21,
            17,
            15,
            23,
            20,
            10,
            10,
            2,
            8,
            11,
            21,
            14,
            16
        ],
        [
            13,
            17,
            5,
            11,
            8,
            6,
            10,
            14,
            12,
            23,
            22,
            8,
            0,
            11,
            18,
            13,
            19,
            20,
            3,
            7,
            24,
            24,
            17,
            25,
            21,
            18,
            8,
            7,
            11,
            13,
            23,
            12,
            18
        ],
        [
            10,
            21,
            15,
            2,
            10,
            11,
            9,
            22,
            5,
            30,
            18,
            8,
            11,
            0,
            17,
            23,
            27,
            27,
            13,
            5,
            28,
            21,
            22,
            30,
            27,
            14,
            17,
            8,
            16,
            3,
            29,
            21,
            24
        ],
        [
            7,
            9,
            16,
            16,
            11,
            13,
            9,
            14,
            12,
            18,
            6,
            11,
            18,
            17,
            0,
            18,
            17,
            17,
            20,
            18,
            15,
            6,
            11,
            17,
            16,
            4,
            15,
            13,
            9,
            19,
            15,
            17,
            14
        ],
        [
            18,
            11,
            9,
            21,
            14,
            12,
            16,
            5,
            20,
            12,
            23,
            15,
            13,
            23,
            18,
            0,
            8,
            9,
            13,
            20,
            14,
            23,
            10,
            14,
            10,
            20,
            6,
            15,
            10,
            25,
            14,
            2,
            8
        ],
        [
            20,
            8,
            15,
            26,
            17,
            16,
            19,
            6,
            23,
            5,
            22,
            19,
            19,
            27,
            17,
            8,
            0,
            2,
            20,
            25,
            8,
            21,
            7,
            7,
            3,
            20,
            12,
            20,
            12,
            29,
            7,
            8,
            4
        ],
        [
            20,
            8,
            15,
            26,
            18,
            17,
            19,
            7,
            24,
            4,
            22,
            19,
            20,
            27,
            17,
            9,
            2,
            0,
            21,
            26,
            6,
            20,
            6,
            6,
            1,
            20,
            13,
            20,
            12,
            30,
            5,
            9,
            3
        ],
        [
            16,
            18,
            6,
            13,
            10,
            8,
            12,
            15,
            14,
            24,
            24,
            10,
            3,
            13,
            20,
            13,
            20,
            21,
            0,
            9,
            25,
            26,
            19,
            26,
            22,
            20,
            9,
            9,
            13,
            15,
            25,
            13,
            19
        ],
        [
            12,
            21,
            12,
            5,
            9,
            9,
            10,
            20,
            8,
            29,
            21,
            8,
            7,
            5,
            18,
