{
    "_id_": "t=euclidean+d=7+c=3+n=10+v=3+o=100+r=18",
    "meta": {
        "t": "euclidean",
        "d": 7,
        "c": 3,
        "n": 10,
        "v": 3,
        "o": 100,
        "r": 18
    },
    "num_carriers": 3,
    "max_vehicle_load": 999999999,
    "max_tour_distance": 999999999,
    "max_tour_duration": 999999999,
    "carriers_max_num_tours": 3,
    "requests": [
        0,
        1,
        2,
        3,
        4,
        5,
        6,
        7,
        8,
        9,
        10,
        11,
        12,
        13,
        14,
        15,
        16,
        17,
        18,
        19,
        20,
        21,
        22,
        23,
        24,
        25,
        26,
        27,
        28,
        29
    ],
    "num_requests": 30,
    "num_requests_per_carrier": 10,
    "vertex_x_coords": [
        19.5,
        9.000000000000002,
        8.999999999999996,
        24.21181209957595,
        13.60463582917106,
        7.565050611874108,
        18.76934836255438,
        5.0529102405065975,
        15.070911200740895,
        0.9748457829817953,
        19.08409555091827,
        6.889435913201211,
        2.131472441213303,
        6.532895740333733,
        11.851903846728993,
        8.197841257361185,
        23.2726940724598,
        14.49215704987736,
        20.54829672823291,
        2.18507503227153,
        19.695977228293994,
        12.112351746135207,
        23.2668936046723,
        16.064688551195864,
        0.6065824904737505,
        1.0009778535181424,
        17.501689960901793,
        11.175884341929942,
        7.17493547606938,
        23.076877456889093,
        24.806748518346694,
        18.48655354559057,
        7.426954123249607
    ],
    "vertex_y_coords": [
        12.5,
        18.562177826491073,
        6.4378221735089305,
        12.606572164265515,
        19.502967214183837,
        19.9213066049272,
        16.488418430036113,
        8.60571090232845,
        8.92021229837672,
        8.211784651676007,
        1.3161855162012763,
        10.613341339023055,
        16.661157925457786,
        2.2211151447033286,
        4.7426075424734675,
        9.782174093140366,
        14.131853165771993,
        13.824989320646106,
        3.0470130979865226,
        8.750752641748461,
        4.764823733218149,
        16.106617877472033,
        2.2342922909551284,
        4.621926655617806,
        17.682239629425855,
        3.549815282877622,
        11.883281729053724,
        3.076786908174947,
        20.67216422798165,
        6.069124879499757,
        23.608090081365912,
        0.2295179862724539,
        8.275536469372113
    ],
    "request_to_carrier_assignment": [
        0,
        0,
        0,
        0,
        0,
        0,
        0,
        0,
        0,
        0,
        1,
        1,
        1,
        1,
        1,
        1,
        1,
        1,
        1,
        1,
        2,
        2,
        2,
        2,
        2,
        2,
        2,
        2,
        2,
        2
    ],
    "request_disclosure_time": [
        "0001-01-01T00:00:00",
        "0001-01-01T03:24:00",
        "0001-01-01T06:48:00",
        "0001-01-01T10:12:00",
        "0001-01-01T13:36:00",
        "0001-01-01T17:00:00",
        "0001-01-01T20:24:00",
        "0001-01-01T23:48:00",
        "0001-01-02T03:12:00",
        "0001-01-02T06:36:00",
        "0001-01-01T00:00:00",
        "0001-01-01T03:24:00",
        "0001-01-01T06:48:00",
        "0001-01-01T10:12:00",
        "0001-01-01T13:36:00",
        "0001-01-01T17:00:00",
        "0001-01-01T20:24:00",
        "0001-01-01T23:48:00",
        "0001-01-02T03:12:00",
        "0001-01-02T06:36:00",
        "0001-01-01T00:00:00",
        "0001-01-01T03:24:00",
        "0001-01-01T06:48:00",
        "0001-01-01T10:12:00",
        "0001-01-01T13:36:00",
        "0001-01-01T17:00:00",
        "0001-01-01T20:24:00",
        "0001-01-01T23:48:00",
        "0001-01-02T03:12:00",
        "0001-01-02T06:36:00"
    ],
    "vertex_revenue": [
        0,
        0,
        0,
        1,
        1,
        1,
        1,
        1,
        1,
        1,
        1,
        1,
        1,
        1,
        1,
        1,
        1,
        1,
        1,
        1,
        1,
        1,
        1,
        1,
        1,
        1,
        1,
        1,
        1,
        1,
        1,
        1,
        1
    ],
    "vertex_load": [
        0,
        0,
        0,
        1,
        1,
        1,
        1,
        1,
        1,
        1,
        1,
        1,
        1,
        1,
        1,
        1,
        1,
        1,
        1,
        1,
        1,
        1,
        1,
        1,
        1,
        1,
        1,
        1,
        1,
        1,
        1,
        1,
        1
    ],
    "vertex_service_duration": [
        0,
        0,
        0,
        240.0,
        240.0,
        240.0,
        240.0,
        240.0,
        240.0,
        240.0,
        240.0,
        240.0,
        240.0,
        240.0,
        240.0,
        240.0,
        240.0,
        240.0,
        240.0,
        240.0,
        240.0,
        240.0,
        240.0,
        240.0,
        240.0,
        240.0,
        240.0,
        240.0,
        240.0,
        240.0,
        240.0,
        240.0,
        240.0
    ],
    "tw_open": [
        "0001-01-02T10:00:00",
        "0001-01-02T10:00:00",
        "0001-01-02T10:00:00",
        "0001-01-02T10:00:00",
        "0001-01-02T10:00:00",
        "0001-01-02T10:00:00",
        "0001-01-02T10:00:00",
        "0001-01-02T10:00:00",
        "0001-01-02T10:00:00",
        "0001-01-02T10:00:00",
        "0001-01-02T10:00:00",
        "0001-01-02T10:00:00",
        "0001-01-02T10:00:00",
        "0001-01-02T10:00:00",
        "0001-01-02T10:00:00",
        "0001-01-02T10:00:00",
        "0001-01-02T10:00:00",
        "0001-01-02T10:00:00",
        "0001-01-02T10:00:00",
        "0001-01-02T10:00:00",
        "0001-01-02T10:00:00",
        "0001-01-02T10:00:00",
        "0001-01-02T10:00:00",
        "0001-01-02T10:00:00",
        "0001-01-02T10:00:00",
        "0001-01-02T10:00:00",
        "0001-01-02T10:00:00",
        "0001-01-02T10:00:00",
        "0001-01-02T10:00:00",
        "0001-01-02T10:00:00",
        "0001-01-02T10:00:00",
        "0001-01-02T10:00:00",
        "0001-01-02T10:00:00"
    ],
    "tw_close": [
        "0001-01-02T18:00:00",
        "0001-01-02T18:00:00",
        "0001-01-02T18:00:00",
        "0001-01-02T18:00:00",
        "0001-01-02T18:00:00",
        "0001-01-02T18:00:00",
        "0001-01-02T18:00:00",
        "0001-01-02T18:00:00",
        "0001-01-02T18:00:00",
        "0001-01-02T18:00:00",
        "0001-01-02T18:00:00",
        "0001-01-02T18:00:00",
        "0001-01-02T18:00:00",
        "0001-01-02T18:00:00",
        "0001-01-02T18:00:00",
        "0001-01-02T18:00:00",
        "0001-01-02T18:00:00",
        "0001-01-02T18:00:00",
        "0001-01-02T18:00:00",
        "0001-01-02T18:00:00",
        "0001-01-02T18:00:00",
        "0001-01-02T18:00:00",
        "0001-01-02T18:00:00",
        "0001-01-02T18:00:00",
        "0001-01-02T18:00:00",
        "0001-01-02T18:00:00",
        "0001-01-02T18:00:00",
        "0001-01-02T18:00:00",
        "0001-01-02T18:00:00",
        "0001-01-02T18:00:00",
        "0001-01-02T18:00:00",
        "0001-01-02T18:00:00",
        "0001-01-02T18:00:00"
    ],
    "_travel_duration_matrix": [
        [
            0.0,
            1455.0,
            1455.0,
            566.0,
            1099.0,
            1687.0,
            487.0,
            1796.0,
            684.0,
            2282.0,
            1343.0,
            1531.0,
            2144.0,
            1986.0,
            1308.0,
            1395.0,
            494.0,
            622.0,
            1142.0,
            2126.0,
            929.0,
            987.0,
            1313.0,
            1032.0,
            2351.0,
            2467.0,
            251.0,
            1509.0,
            1775.0,
            884.0,
            1478.0,
            1478.0,
            1535.0
        ],
        [
            1455.0,
            0.0,
            1455.0,
            1961.0,
            564.0,
            238.0,
            1199.0,
            1286.0,
            1368.0,
            1572.0,
            2398.0,
            987.0,
            856.0,
            1984.0,
            1694.0,
            1058.0,
            1794.0,
            871.0,
            2321.0,
            1434.0,
            2095.0,
            476.0,
            2602.0,
            1876.0,
            1013.0,
            2042.0,
            1298.0,
            1877.0,
            335.0,
            2259.0,
            1992.0,
            2478.0,
            1249.0
        ],
        [
            1455.0,
            1455.0,
            0.0,
            1970.0,
            1663.0,
            1628.0,
            1682.0,
            541.0,
            788.0,
            987.0,
            1358.0,
            562.0,
            1478.0,
            587.0,
            399.0,
            413.0,
            1946.0,
            1105.0,
            1445.0,
            864.0,
            1300.0,
            1219.0,
            1785.0,
            876.0,
            1684.0,
            1021.0,
            1212.0,
            481.0,
            1723.0,
            1690.0,
            2801.0,
            1361.0,
            291.0
        ],
        [
            566.0,
            1961.0,
            1970.0,
            0.0,
            1519.0,
            2182.0,
            803.0,
            2349.0,
            1183.0,
            2838.0,
            1489.0,
            2093.0,
            2694.0,
            2461.0,
            1758.0,
            1952.0,
            215.0,
            1176.0,
            1229.0,
            2684.0,
            1086.0,
            1512.0,
            1250.0,
            1369.0,
            2898.0,
            2990.0,
            810.0,
            1938.0,
            2262.0,
            797.0,
            1323.0,
            1637.0,
            2081.0
        ],
        [
            1099.0,
            564.0,
            1663.0,
            1519.0,
            0.0,
            727.0,
            718.0,
            1663.0,
            1283.0,
            2033.0,
            2280.0,
            1337.0,
            1419.0,
            2241.0,
            1784.0,
            1335.0,
            1328.0,
            690.0,
            2144.0,
            1883.0,
            1914.0,
            446.0,
            2375.0,
            1810.0,
            1575.0,
            2440.0,
            1028.0,
            1993.0,
            785.0,
            1973.0,
            1432.0,
            2386.0,
            1538.0
        ],
        [
            1687.0,
            238.0,
            1628.0,
            2182.0,
            727.0,
            0.0,
            1407.0,
            1391.0,
            1599.0,
            1613.0,
            2626.0,
            1120.0,
            761.0,
            2128.0,
            1893.0,
            1220.0,
            2009.0,
            1108.0,
            2555.0,
            1488.0,
            2330.0,
            713.0,
            2839.0,
            2101.0,
            878.0,
            2117.0,
            1534.0,
            2068.0,
            102.0,
            2496.0,
            2116.0,
            2703.0,
            1398.0
        ],
        [
            487.0,
            1199.0,
            1682.0,
            803.0,
            718.0,
            1407.0,
            0.0,
            1899.0,
            1011.0,
            2356.0,
            1822.0,
            1591.0,
            1997.0,
            2256.0,
            1636.0,
            1503.0,
            610.0,
            605.0,
            1628.0,
            2197.0,
            1412.0,
            801.0,
            1794.0,
            1461.0,
            2185.0,
            2638.0,
            574.0,
            1850.0,
            1480.0,
            1353.0,
            1121.0,
            1952.0,
            1681.0
        ],
        [
            1796.0,
            1286.0,
            541.0,
            2349.0,
            1663.0,
            1391.0,
            1899.0,
            0.0,
            1203.0,
            492.0,
            1898.0,
            327.0,
            1029.0,
            787.0,
            939.0,
            403.0,
            2285.0,
            1295.0,
            1976.0,
            345.0,
            1817.0,
            1237.0,
            2316.0,
            1406.0,
            1213.0,
            778.0,
            1545.0,
            990.0,
            1471.0,
            2185.0,
            2977.0,
            1900.0,
            288.0
        ],
        [
            684.0,
            1368.0,
            788.0,
            1183.0,
            1283.0,
            1599.0,
            1011.0,
            1203.0,
            0.0,
            1694.0,
            1032.0,
            1003.0,
            1810.0,
            1303.0,
            633.0,
            832.0,
            1167.0,
            593.0,
            964.0,
            1547.0,
            747.0,
            933.0,
            1270.0,
            530.0,
            2030.0,
            1808.0,
            460.0,
            843.0,
            1699.0,
            1020.0,
            2115.0,
            1121.0,
            921.0
        ],
        [
            2282.0,
            1572.0,
            987.0,
            2838.0,
            2033.0,
            1613.0,
            2356.0,
            492.0,
            1694.0,
            0.0,
            2326.0,
            767.0,
            1024.0,
            981.0,
            1371.0,
            888.0,
            2769.0,
            1757.0,
            2430.0,
            159.0,
            2285.0,
            1639.0,
            2770.0,
            1862.0,
            1138.0,
            560.0,
            2032.0,
            1371.0,
            1671.0,
            2665.0,
            3405.0,
            2310.0,
            775.0
        ],
        [
            1343.0,
            2398.0,
            1358.0,
            1489.0,
            2280.0,
            2626.0,
            1822.0,
            1898.0,
            1032.0,
            2326.0,
            0.0,
            1841.0,
            2744.0,
            1511.0,
            961.0,
            1655.0,
            1618.0,
            1600.0,
            273.0,
            2216.0,
            421.0,
            1963.0,
            514.0,
            538.0,
            2962.0,
            2187.0,
            1283.0,
            973.0,
            2728.0,
            745.0,
            2762.0,
            149.0,
            1630.0
        ],
        [
            1531.0,
            987.0,
            562.0,
            2093.0,
            1337.0,
            1120.0,
            1591.0,
            327.0,
            1003.0,
            767.0,
            1841.0,
            0.0,
            924.0,
            1008.0,
            923.0,
            187.0,
            2011.0,
            991.0,
            1874.0,
            608.0,
            1690.0,
            910.0,
            2208.0,
            1315.0,
            1135.0,
            1104.0,
            1283.0,
            1041.0,
            1208.0,
            2018.0,
            2657.0,
            1868.0,
            288.0
        ],
        [
            2144.0,
            856.0,
            1478.0,
            2694.0,
            1419.0,
            761.0,
            1997.0,
            1029.0,
            1810.0,
            1024.0,
            2744.0,
            924.0,
            0.0,
            1812.0,
            1846.0,
            1101.0,
            2556.0,
            1522.0,
            2749.0,
            950.0,
            2546.0,
            1200.0,
            3071.0,
            2210.0,
            221.0,
            1580.0,
            1932.0,
            1959.0,
            774.0,
            2817.0,
            2846.0,
            2783.0,
            1191.0
        ],
        [
            1986.0,
            1984.0,
            587.0,
            2461.0,
            2241.0,
            2128.0,
            2256.0,
            787.0,
            1303.0,
            981.0,
            1511.0,
            1008.0,
            1812.0,
            0.0,
            707.0,
            930.0,
            2466.0,
            1689.0,
            1685.0,
            942.0,
            1609.0,
            1796.0,
            2009.0,
            1180.0,
            1987.0,
            683.0,
            1755.0,
            567.0,
            2216.0,
            2039.0,
            3376.0,
            1455.0,
            735.0
        ],
        [
            1308.0,
            1694.0,
            399.0,
            1758.0,
            1784.0,
            1893.0,
            1636.0,
            939.0,
            633.0,
            1371.0,
            961.0,
            923.0,
            1846.0,
            707.0,
            0.0,
            747.0,
            1775.0,
            1136.0,
            1064.0,
            1256.0,
            942.0,
            1365.0,
            1403.0,
            506.0,
            2058.0,
            1310.0,
            1093.0,
            216.0,
            1993.0,
            1357.0,
            2747.0,
            963.0,
            680.0
        ],
        [
            1395.0,
            1058.0,
            413.0,
            1952.0,
            1335.0,
            1220.0,
            1503.0,
            403.0,
            832.0,
            888.0,
            1655.0,
            187.0,
            1101.0,
            930.0,
            747.0,
            0.0,
            1883.0,
            898.0,
            1689.0,
            733.0,
            1506.0,
            893.0,
            2023.0,
            1129.0,
            1315.0,
            1143.0,
            1145.0,
            881.0,
            1313.0,
            1841.0,
            2594.0,
            1685.0,
            204.0
        ],
        [
            494.0,
            1794.0,
            1946.0,
            215.0,
            1328.0,
            2009.0,
            610.0,
            2285.0,
            1167.0,
            2769.0,
            1618.0,
            2011.0,
            2556.0,
            2466.0,
            1775.0,
            1883.0,
            0.0,
            1055.0,
            1370.0,
            2612.0,
            1204.0,
            1361.0,
            1428.0,
            1432.0,
            2754.0,
            2959.0,
            744.0,
            1967.0,
            2086.0,
            968.0,
            1152.0,
            1765.0,
            2028.0
        ],
        [
            622.0,
            871.0,
            1105.0,
            1176.0,
            690.0,
            1108.0,
            605.0,
            1295.0,
            593.0,
            1757.0,
            1600.0,
            991.0,
            1522.0,
            1689.0,
            1136.0,
            898.0,
            1055.0,
            0.0,
            1484.0,
            1598.0,
            1254.0,
            396.0,
            1745.0,
            1121.0,
            1730.0,
            2036.0,
            430.0,
            1350.0,
            1203.0,
            1389.0,
            1706.0,
            1701.0,
            1079.0
        ],
        [
            1142.0,
            2321.0,
            1445.0,
            1229.0,
            2144.0,
            2555.0,
            1628.0,
            1976.0,
            964.0,
            2430.0,
            273.0,
            1874.0,
            2749.0,
            1685.0,
            1064.0,
            1689.0,
            1370.0,
            1484.0,
            0.0,
            2308.0,
            231.0,
            1866.0,
            341.0,
            571.0,
            2969.0,
            2347.0,
            1122.0,
            1125.0,
            2655.0,
            473.0,
            2520.0,
            419.0,
            1695.0
        ],
        [
            2126.0,
            1434.0,
            864.0,
            2684.0,
            1883.0,
            1488.0,
            2197.0,
            345.0,
            1547.0,
            159.0,
            2216.0,
            608.0,
            950.0,
            942.0,
            1256.0,
            733.0,
            2612.0,
            1598.0,
            2308.0,
            0.0,
            2156.0,
            1483.0,
            2648.0,
            1738.0,
            1089.0,
            641.0,
            1877.0,
            1276.0,
            1551.0,
            2528.0,
            3248.0,
            2208.0,
            632.0
        ],
        [
            929.0,
            2095.0,
            1300.0,
            1086.0,
            1914.0,
            2330.0,
            1412.0,
            1817.0,
            747.0,
            2285.0,
            421.0,
            1690.0,
            2546.0,
            1609.0,
            942.0,
            1506.0,
            1204.0,
            1254.0,
            231.0,
            2156.0,
            0.0,
            1638.0,
            526.0,
            437.0,
            2766.0,
            2249.0,
            894.0,
            1043.0,
            2430.0,
            435.0,
            2343.0,
            564.0,
            1532.0
        ],
        [
            987.0,
            476.0,
            1219.0,
            1512.0,
            446.0,
            713.0,
            801.0,
            1237.0,
            933.0,
            1639.0,
            1963.0,
            910.0,
            1200.0,
            1796.0,
            1365.0,
            893.0,
            1361.0,
            396.0,
            1866.0,
            1483.0,
            1638.0,
            0.0,
            2137.0,
            1458.0,
            1394.0,
            2013.0,
            822.0,
            1568.0,
            807.0,
            1784.0,
            1770.0,
            2054.0,
            1096.0
        ],
        [
            1313.0,
            2602.0,
            1785.0,
            1250.0,
            2375.0,
            2839.0,
            1794.0,
            2316.0,
            1270.0,
            2770.0,
            514.0,
            2208.0,
            3071.0,
            2009.0,
            1403.0,
            2023.0,
            1428.0,
            1745.0,
            341.0,
            2648.0,
            526.0,
            2137.0,
            0.0,
            911.0,
            3291.0,
            2677.0,
            1349.0,
            1455.0,
            2937.0,
            461.0,
            2572.0,
            623.0,
            2035.0
        ],
        [
            1032.0,
            1876.0,
            876.0,
            1369.0,
            1810.0,
            2101.0,
            1461.0,
            1406.0,
            530.0,
            1862.0,
            538.0,
            1315.0,
            2210.0,
            1180.0,
            506.0,
            1129.0,
            1432.0,
            1121.0,
            571.0,
            1738.0,
            437.0,
            1458.0,
            911.0,
            0.0,
            2429.0,
            1813.0,
            889.0,
            616.0,
            2202.0,
            860.0,
            2509.0,
            602.0,
            1126.0
        ],
        [
            2351.0,
            1013.0,
            1684.0,
            2898.0,
            1575.0,
            878.0,
            2185.0,
            1213.0,
            2030.0,
            1138.0,
            2962.0,
            1135.0,
            221.0,
            1987.0,
            2058.0,
            1315.0,
            2754.0,
            1730.0,
            2969.0,
            1089.0,
            2766.0,
            1394.0,
            3291.0,
            2429.0,
            0.0,
            1697.0,
            2144.0,
            2164.0,
            867.0,
            3036.0,
            2990.0,
            2999.0,
            1395.0
        ],
        [
            2467.0,
            2042.0,
            1021.0,
            2990.0,
            2440.0,
            2117.0,
            2638.0,
            778.0,
            1808.0,
            560.0,
            2187.0,
            1104.0,
            1580.0,
            683.0,
            1310.0,
            1143.0,
            2959.0,
            2036.0,
            2347.0,
            641.0,
            2249.0,
            2013.0,
            2677.0,
            1813.0,
            1697.0,
            0.0,
            2219.0,
            1223.0,
            2185.0,
            2667.0,
            3736.0,
            2136.0,
            958.0
        ],
        [
            251.0,
            1298.0,
            1212.0,
            810.0,
            1028.0,
            1534.0,
            574.0,
            1545.0,
            460.0,
            2032.0,
            1283.0,
            1283.0,
            1932.0,
            1755.0,
            1093.0,
            1145.0,
            744.0,
            430.0,
            1122.0,
            1877.0,
            894.0,
            822.0,
            1349.0,
            889.0,
            2144.0,
            2219.0,
            0.0,
            1302.0,
            1628.0,
            967.0,
            1658.0,
            1404.0,
            1285.0
        ],
        [
            1509.0,
            1877.0,
            481.0,
            1938.0,
            1993.0,
            2068.0,
            1850.0,
            990.0,
            843.0,
            1371.0,
            973.0,
            1041.0,
            1959.0,
            567.0,
            216.0,
            881.0,
            1967.0,
            1350.0,
            1125.0,
            1276.0,
            1043.0,
            1568.0,
            1455.0,
            616.0,
            2164.0,
            1223.0,
            1302.0,
            0.0,
            2166.0,
            1473.0,
            2958.0,
            942.0,
            770.0
        ],
        [
            1775.0,
            335.0,
            1723.0,
            2262.0,
            785.0,
            102.0,
            1480.0,
            1471.0,
            1699.0,
            1671.0,
            2728.0,
            1208.0,
            774.0,
            2216.0,
            1993.0,
            1313.0,
            2086.0,
            1203.0,
            2655.0,
            1551.0,
            2430.0,
            807.0,
            2937.0,
            2202.0,
            867.0,
            2185.0,
            1628.0,
            2166.0,
            0.0,
            2591.0,
            2145.0,
            2804.0,
            1488.0
        ],
        [
            884.0,
            2259.0,
            1690.0,
            797.0,
            1973.0,
            2496.0,
            1353.0,
            2185.0,
            1020.0,
            2665.0,
            745.0,
            2018.0,
            2817.0,
            2039.0,
            1357.0,
            1841.0,
            968.0,
            1389.0,
            473.0,
            2528.0,
            435.0,
            1784.0,
            461.0,
            860.0,
            3036.0,
            2667.0,
            967.0,
            1473.0,
            2591.0,
            0.0,
            2115.0,
            892.0,
            1897.0
        ],
        [
            1478.0,
            1992.0,
            2801.0,
            1323.0,
            1432.0,
            2116.0,
            1121.0,
            2977.0,
            2115.0,
            3405.0,
            2762.0,
            2657.0,
            2846.0,
            3376.0,
            2747.0,
            2594.0,
            1152.0,
            1706.0,
            2520.0,
            3248.0,
            2343.0,
            1770.0,
            2572.0,
            2509.0,
            2990.0,
            3736.0,
            1658.0,
            2958.0,
            2145.0,
            2115.0,
            0.0,
            2907.0,
            2782.0
        ],
        [
            1478.0,
            2478.0,
            1361.0,
            1637.0,
            2386.0,
            2703.0,
            1952.0,
            1900.0,
            1121.0,
            2310.0,
            149.0,
            1868.0,
            2783.0,
            1455.0,
            963.0,
            1685.0,
            1765.0,
            1701.0,
            419.0,
            2208.0,
            564.0,
            2054.0,
            623.0,
            602.0,
            2999.0,
            2136.0,
            1404.0,
            942.0,
            2804.0,
            892.0,
            2907.0,
            0.0,
            1642.0
        ],
        [
            1535.0,
            1249.0,
            291.0,
            2081.0,
            1538.0,
            1398.0,
            1681.0,
            288.0,
            921.0,
            775.0,
            1630.0,
            288.0,
            1191.0,
            735.0,
            680.0,
            204.0,
            2028.0,
            1079.0,
            1695.0,
            632.0,
            1532.0,
            1096.0,
            2035.0,
            1126.0,
            1395.0,
            958.0,
            1285.0,
            770.0,
            1488.0,
            1897.0,
            2782.0,
            1642.0,
            0.0
        ]
    ],
    "_travel_distance_matrix": [
        [
            0,
            13,
            13,
            5,
            10,
            15,
            5,
            15,
            6,
            20,
            12,
            13,
            18,
            17,
            11,
            12,
            5,
            6,
            10,
            18,
            8,
            9,
            11,
            9,
            20,
            21,
            3,
            13,
            15,
            8,
            13,
            13,
            13
        ],
        [
            13,
            0,
            13,
            17,
            5,
            2,
            10,
            11,
            12,
            14,
            20,
            9,
            8,
            17,
            15,
            9,
            15,
            8,
            20,
            12,
            18,
            4,
            22,
            16,
            9,
            18,
            11,
            16,
            3,
            19,
            17,
            21,
            11
        ],
        [
            13,
            13,
            0,
            17,
            14,
            14,
            15,
            5,
            7,
            9,
            12,
            5,
            13,
            5,
            4,
            4,
            17,
            10,
            13,
            8,
            11,
            11,
            15,
            8,
            15,
            9,
            11,
            5,
            15,
            15,
            24,
            12,
            3
        ],
        [
            5,
            17,
            17,
            0,
            13,
            19,
            7,
            20,
            10,
            24,
            13,
            18,
            23,
            21,
            15,
            17,
            2,
            10,
            11,
            23,
            10,
            13,
            11,
            12,
            25,
            25,
            7,
            17,
            19,
            7,
            12,
            14,
            18
        ],
        [
            10,
            5,
            14,
            13,
            0,
            7,
            6,
            14,
            11,
            17,
            19,
            12,
            12,
            19,
            15,
            12,
            12,
            6,
            18,
            16,
            16,
            4,
            20,
            16,
            14,
            21,
            9,
            17,
            7,
            17,
            12,
            20,
            13
        ],
        [
            15,
            2,
            14,
            19,
            7,
            0,
            12,
            12,
            14,
            14,
            22,
            10,
            7,
            18,
            16,
            11,
            17,
            10,
            22,
            13,
            20,
            6,
            24,
            18,
            8,
            18,
            13,
            18,
            1,
            21,
            18,
            23,
            12
        ],
        [
            5,
            10,
            15,
            7,
            6,
            12,
            0,
            16,
            9,
            20,
            16,
            14,
            17,
            19,
            14,
            13,
            6,
            6,
            14,
            19,
            12,
            7,
            15,
            13,
            19,
            22,
            5,
            16,
            13,
            12,
            10,
            17,
            15
        ],
        [
            15,
            11,
            5,
            20,
            14,
            12,
            16,
            0,
            11,
            5,
            16,
            3,
            9,
            7,
            8,
            4,
            20,
            11,
            17,
            3,
            16,
            11,
            20,
            12,
            11,
            7,
            13,
            9,
            13,
            19,
            25,
            16,
            3
        ],
        [
            6,
            12,
            7,
            10,
            11,
            14,
            9,
            11,
            0,
            15,
            9,
            9,
            16,
            11,
            6,
            7,
            10,
            5,
            9,
            13,
            7,
            8,
            11,
            5,
            17,
            16,
            4,
            8,
            15,
            9,
            18,
            10,
            8
        ],
        [
            20,
            14,
            9,
            24,
            17,
            14,
            20,
            5,
            15,
            0,
            20,
            7,
            9,
            9,
            12,
            8,
            24,
            15,
            21,
            2,
            20,
            14,
            24,
            16,
            10,
            5,
            17,
            12,
            14,
            23,
            29,
            20,
            7
        ],
        [
            12,
            20,
            12,
            13,
            19,
            22,
            16,
            16,
            9,
            20,
            0,
            16,
            23,
            13,
            9,
            14,
            14,
            14,
            3,
            19,
            4,
            17,
            5,
            5,
            25,
            19,
            11,
            9,
            23,
            7,
            24,
            2,
            14
        ],
        [
            13,
            9,
            5,
            18,
            12,
            10,
            14,
            3,
            9,
            7,
            16,
            0,
            8,
            9,
            8,
            2,
            17,
            9,
            16,
            6,
            15,
            8,
            19,
            11,
            10,
            10,
            11,
            9,
            11,
            17,
            23,
            16,
            3
        ],
        [
            18,
            8,
            13,
            23,
            12,
            7,
            17,
            9,
            16,
            9,
            23,
            8,
            0,
            16,
            16,
            10,
            22,
            13,
            23,
            8,
            22,
            10,
            26,
            19,
            2,
            14,
            17,
            17,
            7,
            24,
            24,
            24,
            10
        ],
        [
            17,
            17,
            5,
            21,
            19,
            18,
            19,
            7,
            11,
            9,
            13,
            9,
            16,
            0,
            6,
            8,
            21,
            15,
            15,
            8,
            14,
            15,
            17,
            10,
            17,
            6,
            15,
            5,
            19,
            17,
            29,
            13,
            7
        ],
        [
            11,
            15,
            4,
            15,
            15,
            16,
            14,
            8,
            6,
            12,
            9,
            8,
            16,
            6,
            0,
            7,
            15,
            10,
            9,
            11,
            8,
            12,
            12,
            5,
            18,
            11,
            10,
            2,
            17,
            12,
            23,
            9,
            6
        ],
        [
            12,
            9,
            4,
            17,
            12,
            11,
            13,
            4,
            7,
            8,
            14,
            2,
            10,
            8,
            7,
            0,
            16,
            8,
            15,
            7,
            13,
            8,
            17,
            10,
            11,
            10,
            10,
            8,
            11,
            16,
            22,
            15,
            2
        ],
        [
            5,
            15,
            17,
            2,
            12,
            17,
            6,
            20,
            10,
            24,
            14,
            17,
            22,
            21,
            15,
            16,
            0,
            9,
            12,
            22,
            11,
            12,
            12,
            12,
            23,
            25,
            7,
            17,
            18,
            9,
            10,
            15,
            17
        ],
        [
            6,
            8,
            10,
            10,
            6,
            10,
            6,
            11,
            5,
            15,
            14,
            9,
            13,
            15,
            10,
            8,
            9,
            0,
            13,
            14,
            11,
            4,
            15,
            10,
            15,
            17,
            4,
            12,
            11,
            12,
            15,
            15,
            9
        ],
        [
            10,
            20,
            13,
            11,
            18,
            22,
            14,
            17,
            9,
            21,
            3,
            16,
            23,
            15,
            9,
            15,
            12,
            13,
            0,
            20,
            2,
            16,
            3,
            5,
            25,
            20,
            10,
            10,
            23,
            4,
            21,
            4,
            15
        ],
        [
            18,
            12,
            8,
            23,
            16,
            13,
            19,
            3,
            13,
            2,
            19,
            6,
            8,
            8,
            11,
            7,
