{
    "_id_": "t=euclidean+d=7+c=3+n=05+v=3+o=100+r=14",
    "meta": {
        "t": "euclidean",
        "d": 7,
        "c": 3,
        "n": 5,
        "v": 3,
        "o": 100,
        "r": 14
    },
    "num_carriers": 3,
    "max_vehicle_load": 999999999,
    "max_tour_distance": 999999999,
    "max_tour_duration": 999999999,
    "carriers_max_num_tours": 3,
    "requests": [
        0,
        1,
        2,
        3,
        4,
        5,
        6,
        7,
        8,
        9,
        10,
        11,
        12,
        13,
        14
    ],
    "num_requests": 15,
    "num_requests_per_carrier": 5,
    "vertex_x_coords": [
        19.5,
        9.000000000000002,
        8.999999999999996,
        21.293737090021825,
        9.754044401534351,
        2.5186573825282608,
        19.658696974184522,
        8.053690092048624,
        15.260178411000695,
        5.506919604600691,
        6.965636906671923,
        6.775921139794786,
        16.527491821718904,
        6.35303047790581,
        0.6381570170681805,
        10.476593580131697,
        19.782457051623716,
        21.387283016100064
    ],
    "vertex_y_coords": [
        12.5,
        18.562177826491073,
        6.4378221735089305,
        12.341249373884605,
        4.490189427191043,
        19.50599986725421,
        21.777362071276997,
        2.9710969530988423,
        18.34224530443701,
        19.706919599857954,
        1.3609091264448563,
        0.04989019786639515,
        19.058266561388816,
        2.164961613927041,
        11.161917426840276,
        0.7367839679772364,
        11.69818049955965,
        14.682197174130456
    ],
    "request_to_carrier_assignment": [
        0,
        0,
        0,
        0,
        0,
        1,
        1,
        1,
        1,
        1,
        2,
        2,
        2,
        2,
        2
    ],
    "request_disclosure_time": [
        "0001-01-01T00:00:00",
        "0001-01-01T06:48:00",
        "0001-01-01T13:36:00",
        "0001-01-01T20:24:00",
        "0001-01-02T03:12:00",
        "0001-01-01T00:00:00",
        "0001-01-01T06:48:00",
        "0001-01-01T13:36:00",
        "0001-01-01T20:24:00",
        "0001-01-02T03:12:00",
        "0001-01-01T00:00:00",
        "0001-01-01T06:48:00",
        "0001-01-01T13:36:00",
        "0001-01-01T20:24:00",
        "0001-01-02T03:12:00"
    ],
    "vertex_revenue": [
        0,
        0,
        0,
        1,
        1,
        1,
        1,
        1,
        1,
        1,
        1,
        1,
        1,
        1,
        1,
        1,
        1,
        1
    ],
    "vertex_load": [
        0,
        0,
        0,
        1,
        1,
        1,
        1,
        1,
        1,
        1,
        1,
        1,
        1,
        1,
        1,
        1,
        1,
        1
    ],
    "vertex_service_duration": [
        0,
        0,
        0,
        240.0,
        240.0,
        240.0,
        240.0,
        240.0,
        240.0,
        240.0,
        240.0,
        240.0,
        240.0,
        240.0,
        240.0,
        240.0,
        240.0,
        240.0
    ],
    "tw_open": [
        "0001-01-02T10:00:00",
        "0001-01-02T10:00:00",
        "0001-01-02T10:00:00",
        "0001-01-02T10:00:00",
        "0001-01-02T10:00:00",
        "0001-01-02T10:00:00",
        "0001-01-02T10:00:00",
        "0001-01-02T10:00:00",
        "0001-01-02T10:00:00",
        "0001-01-02T10:00:00",
        "0001-01-02T10:00:00",
        "0001-01-02T10:00:00",
        "0001-01-02T10:00:00",
        "0001-01-02T10:00:00",
        "0001-01-02T10:00:00",
        "0001-01-02T10:00:00",
        "0001-01-02T10:00:00",
        "0001-01-02T10:00:00"
    ],
    "tw_close": [
        "0001-01-02T18:00:00",
        "0001-01-02T18:00:00",
        "0001-01-02T18:00:00",
        "0001-01-02T18:00:00",
        "0001-01-02T18:00:00",
        "0001-01-02T18:00:00",
        "0001-01-02T18:00:00",
        "0001-01-02T18:00:00",
        "0001-01-02T18:00:00",
        "0001-01-02T18:00:00",
        "0001-01-02T18:00:00",
        "0001-01-02T18:00:00",
        "0001-01-02T18:00:00",
        "0001-01-02T18:00:00",
        "0001-01-02T18:00:00",
        "0001-01-02T18:00:00",
        "0001-01-02T18:00:00",
        "0001-01-02T18:00:00"
    ],
    "_travel_duration_matrix": [
        [
            0.0,
            1455.0,
            1455.0,
            217.0,
            1514.0,
            2205.0,
            1114.0,
            1788.0,
            867.0,
            1889.0,
            2013.0,
            2137.0,
            865.0,
            2007.0,
            2270.0,
            1780.0,
            103.0,
            347.0
        ],
        [
            1455.0,
            0.0,
            1455.0,
            1654.0,
            1692.0,
            786.0,
            1336.0,
            1875.0,
            752.0,
            442.0,
            2079.0,
            2238.0,
            906.0,
            1994.0,
            1340.0,
            2147.0,
            1534.0,
            1558.0
        ],
        [
            1455.0,
            1455.0,
            0.0,
            1637.0,
            251.0,
            1751.0,
            2242.0,
            432.0,
            1615.0,
            1647.0,
            657.0,
            812.0,
            1764.0,
            604.0,
            1153.0,
            707.0,
            1440.0,
            1786.0
        ],
        [
            217.0,
            1654.0,
            1637.0,
            0.0,
            1675.0,
            2412.0,
            1150.0,
            1947.0,
            1022.0,
            2091.0,
            2167.0,
            2283.0,
            989.0,
            2170.0,
            2483.0,
            1904.0,
            198.0,
            282.0
        ],
        [
            1514.0,
            1692.0,
            251.0,
            1675.0,
            0.0,
            2001.0,
            2391.0,
            274.0,
            1789.0,
            1896.0,
            503.0,
            642.0,
            1928.0,
            495.0,
            1356.0,
            459.0,
            1483.0,
            1856.0
        ],
        [
            2205.0,
            786.0,
            1751.0,
            2412.0,
            2001.0,
            0.0,
            2075.0,
            2093.0,
            1536.0,
            360.0,
            2242.0,
            2390.0,
            1682.0,
            2132.0,
            1027.0,
            2447.0,
            2274.0,
            2338.0
        ],
        [
            1114.0,
            1336.0,
            2242.0,
            1150.0,
            2391.0,
            2075.0,
            0.0,
            2652.0,
            670.0,
            1717.0,
            2885.0,
            3032.0,
            498.0,
            2844.0,
            2614.0,
            2755.0,
            1210.0,
            877.0
        ],
        [
            1788.0,
            1875.0,
            432.0,
            1947.0,
            274.0,
            2093.0,
            2652.0,
            0.0,
            2038.0,
            2032.0,
            234.0,
            383.0,
            2182.0,
            226.0,
            1326.0,
            396.0,
            1755.0,
            2130.0
        ],
        [
            867.0,
            752.0,
            1615.0,
            1022.0,
            1789.0,
            1536.0,
            670.0,
            2038.0,
            0.0,
            1182.0,
            2268.0,
            2420.0,
            175.0,
            2217.0,
            1955.0,
            2190.0,
            965.0,
            857.0
        ],
        [
            1889.0,
            442.0,
            1647.0,
            2091.0,
            1896.0,
            360.0,
            1717.0,
            2032.0,
            1182.0,
            0.0,
            2209.0,
            2364.0,
            1325.0,
            2108.0,
            1181.0,
            2354.0,
            1965.0,
            1999.0
        ],
        [
            2013.0,
            2079.0,
            657.0,
            2167.0,
            503.0,
            2242.0,
            2885.0,
            234.0,
            2268.0,
            2209.0,
            0.0,
            159.0,
            2414.0,
            122.0,
            1400.0,
            428.0,
            1976.0,
            2356.0
        ],
        [
            2137.0,
            2238.0,
            812.0,
            2283.0,
            642.0,
            2390.0,
            3032.0,
            383.0,
            2420.0,
            2364.0,
            159.0,
            0.0,
            2564.0,
            259.0,
            1524.0,
            452.0,
            2096.0,
            2482.0
        ],
        [
            865.0,
            906.0,
            1764.0,
            989.0,
            1928.0,
            1682.0,
            498.0,
            2182.0,
            175.0,
            1325.0,
            2414.0,
            2564.0,
            0.0,
            2367.0,
            2130.0,
            2316.0,
            966.0,
            785.0
        ],
        [
            2007.0,
            1994.0,
            604.0,
            2170.0,
            495.0,
            2132.0,
            2844.0,
            226.0,
            2217.0,
            2108.0,
            122.0,
            259.0,
            2367.0,
            0.0,
            1280.0,
            524.0,
            1977.0,
            2348.0
        ],
        [
            2270.0,
            1340.0,
            1153.0,
            2483.0,
            1356.0,
            1027.0,
            2614.0,
            1326.0,
            1955.0,
            1181.0,
            1400.0,
            1524.0,
            2130.0,
            1280.0,
            0.0,
            1721.0,
            2299.0,
            2526.0
        ],
        [
            1780.0,
            2147.0,
            707.0,
            1904.0,
            459.0,
            2447.0,
            2755.0,
            396.0,
            2190.0,
            2354.0,
            428.0,
            452.0,
            2316.0,
            524.0,
            1721.0,
            0.0,
            1726.0,
            2125.0
        ],
        [
            103.0,
            1534.0,
            1440.0,
            198.0,
            1483.0,
            2274.0,
            1210.0,
            1755.0,
            965.0,
            1965.0,
            1976.0,
            2096.0,
            966.0,
            1977.0,
            2299.0,
            1726.0,
            0.0,
            407.0
        ],
        [
            347.0,
            1558.0,
            1786.0,
            282.0,
            1856.0,
            2338.0,
            877.0,
            2130.0,
            857.0,
            1999.0,
            2356.0,
            2482.0,
            785.0,
            2348.0,
            2526.0,
            2125.0,
            407.0,
            0.0
        ]
    ],
    "_travel_distance_matrix": [
        [
            0,
            13,
            13,
            2,
            13,
            19,
            10,
            15,
            8,
            16,
            17,
            18,
            8,
            17,
            19,
            15,
            1,
            3
        ],
        [
            13,
            0,
            13,
            14,
            15,
            7,
            12,
            16,
            7,
            4,
            18,
            19,
            8,
            17,
            12,
            18,
            13,
            13
        ],
        [
            13,
            13,
            0,
            14,
            3,
            15,
            19,
            4,
            14,
            14,
            6,
            7,
            15,
            6,
            10,
            6,
            12,
            15
        ],
        [
            2,
            14,
            14,
            0,
            14,
            21,
            10,
            17,
            9,
            18,
            19,
            20,
            9,
            19,
            21,
            16,
            2,
            3
        ],
        [
            13,
            15,
            3,
            14,
            0,
            17,
            20,
            3,
            15,
            16,
            5,
            6,
            17,
            5,
            12,
            4,
            13,
            16
        ],
        [
            19,
            7,
            15,
            21,
            17,
            0,
            18,
            18,
            13,
            3,
            19,
            20,
            15,
            18,
            9,
            21,
            19,
            20
        ],
        [
            10,
            12,
            19,
            10,
            20,
            18,
            0,
            23,
            6,
            15,
            25,
            26,
            5,
            24,
            22,
            23,
            11,
            8
        ],
        [
            15,
            16,
            4,
            17,
            3,
            18,
            23,
            0,
            17,
            17,
            2,
            4,
            19,
            2,
            12,
            4,
            15,
            18
        ],
        [
            8,
            7,
            14,
            9,
            15,
            13,
            6,
            17,
            0,
            10,
            19,
            21,
            2,
            19,
            17,
            19,
            9,
            8
        ],
        [
            16,
            4,
            14,
            18,
            16,
            3,
            15,
            17,
            10,
            0,
            19,
            20,
            12,
            18,
            10,
            20,
            17,
            17
        ],
        [
            17,
            18,
            6,
            19,
            5,
            19,
            25,
            2,
            19,
            19,
            0,
            2,
            21,
            2,
            12,
            4,
            17,
            20
        ],
        [
            18,
            19,
            7,
            20,
            6,
            20,
            26,
            4,
            21,
            20,
            2,
            0,
            22,
            3,
            13,
            4,
            18,
            21
        ],
        [
            8,
            8,
            15,
            9,
            17,
            15,
            5,
            19,
            2,
            12,
            21,
            22,
            0,
            20,
            18,
            20,
            9,
            7
        ],
        [
            17,
            17,
            6,
            19,
            5,
            18,
            24,
            2,
            19,
            18,
            2,
            3,
            20,
            0,
            11,
            5,
            17,
            20
        ],
        [
            19,
            12,
            10,
            21,
            12,
            9,
            22,
            12,
            17,
            10,
            12,
            13,
            18,
            11,
            0,
            15,
            20,
            22
        ],
        [
            15,
            18,
            6,
            16,
            4,
            21,
            23,
            4,
            19,
            20,
            4,
            4,
            20,
            5,
            15,
            0,
            15,
            18
        ],
        [
            1,
            13,
            12,
            2,
            13,
            19,
            11,
            15,
            9,
            17,
            17,
            18,
            9,
            17,
            20,
            15,
            0,
            4
        ],
        [
            3,
            13,
            15,
            3,
            16,
            20,
            8,
            18,
            8,
            17,
            20,
            21,
            7,
            20,
            22,
            18,
            4,
            0
        ]
    ]
}