{
    "_id_": "t=euclidean+d=7+c=3+n=05+v=3+o=100+r=05",
    "meta": {
        "t": "euclidean",
        "d": 7,
        "c": 3,
        "n": 5,
        "v": 3,
        "o": 100,
        "r": 5
    },
    "num_carriers": 3,
    "max_vehicle_load": 999999999,
    "max_tour_distance": 999999999,
    "max_tour_duration": 999999999,
    "carriers_max_num_tours": 3,
    "requests": [
        0,
        1,
        2,
        3,
        4,
        5,
        6,
        7,
        8,
        9,
        10,
        11,
        12,
        13,
        14
    ],
    "num_requests": 15,
    "num_requests_per_carrier": 5,
    "vertex_x_coords": [
        19.5,
        9.000000000000002,
        8.999999999999996,
        4.309244146784009,
        23.92945398581061,
        12.692121528317415,
        7.5040793996898945,
        7.8238658196461754,
        7.923140357770772,
        23.812849011031357,
        0.5751865621548169,
        23.69430433486278,
        15.231297384422193,
        19.228126653706056,
        4.9679581604879255,
        2.3976663933885116,
        8.377206400601366,
        11.725466718803052
    ],
    "vertex_y_coords": [
        12.5,
        18.562177826491073,
        6.4378221735089305,
        21.923052865916272,
        23.771430562538733,
        14.958245430097392,
        13.676801096452742,
        12.545488277732911,
        4.456302562316453,
        23.50310835672748,
        6.913383849574179,
        15.96014548193308,
        3.183618801978813,
        16.56137695185463,
        20.68474200439306,
        0.15200384987440474,
        21.70685314841325,
        7.988411001016896
    ],
    "request_to_carrier_assignment": [
        0,
        0,
        0,
        0,
        0,
        1,
        1,
        1,
        1,
        1,
        2,
        2,
        2,
        2,
        2
    ],
    "request_disclosure_time": [
        "0001-01-01T00:00:00",
        "0001-01-01T06:48:00",
        "0001-01-01T13:36:00",
        "0001-01-01T20:24:00",
        "0001-01-02T03:12:00",
        "0001-01-01T00:00:00",
        "0001-01-01T06:48:00",
        "0001-01-01T13:36:00",
        "0001-01-01T20:24:00",
        "0001-01-02T03:12:00",
        "0001-01-01T00:00:00",
        "0001-01-01T06:48:00",
        "0001-01-01T13:36:00",
        "0001-01-01T20:24:00",
        "0001-01-02T03:12:00"
    ],
    "vertex_revenue": [
        0,
        0,
        0,
        1,
        1,
        1,
        1,
        1,
        1,
        1,
        1,
        1,
        1,
        1,
        1,
        1,
        1,
        1
    ],
    "vertex_load": [
        0,
        0,
        0,
        1,
        1,
        1,
        1,
        1,
        1,
        1,
        1,
        1,
        1,
        1,
        1,
        1,
        1,
        1
    ],
    "vertex_service_duration": [
        0,
        0,
        0,
        240.0,
        240.0,
        240.0,
        240.0,
        240.0,
        240.0,
        240.0,
        240.0,
        240.0,
        240.0,
        240.0,
        240.0,
        240.0,
        240.0,
        240.0
    ],
    "tw_open": [
        "0001-01-02T10:00:00",
        "0001-01-02T10:00:00",
        "0001-01-02T10:00:00",
        "0001-01-02T10:00:00",
        "0001-01-02T10:00:00",
        "0001-01-02T10:00:00",
        "0001-01-02T10:00:00",
        "0001-01-02T10:00:00",
        "0001-01-02T10:00:00",
        "0001-01-02T10:00:00",
        "0001-01-02T10:00:00",
        "0001-01-02T10:00:00",
        "0001-01-02T10:00:00",
        "0001-01-02T10:00:00",
        "0001-01-02T10:00:00",
        "0001-01-02T10:00:00",
        "0001-01-02T10:00:00",
        "0001-01-02T10:00:00"
    ],
    "tw_close": [
        "0001-01-02T18:00:00",
        "0001-01-02T18:00:00",
        "0001-01-02T18:00:00",
        "0001-01-02T18:00:00",
        "0001-01-02T18:00:00",
        "0001-01-02T18:00:00",
        "0001-01-02T18:00:00",
        "0001-01-02T18:00:00",
        "0001-01-02T18:00:00",
        "0001-01-02T18:00:00",
        "0001-01-02T18:00:00",
        "0001-01-02T18:00:00",
        "0001-01-02T18:00:00",
        "0001-01-02T18:00:00",
        "0001-01-02T18:00:00",
        "0001-01-02T18:00:00",
        "0001-01-02T18:00:00",
        "0001-01-02T18:00:00"
    ],
    "_travel_duration_matrix": [
        [
            0.0,
            1455.0,
            1455.0,
            2146.0,
            1454.0,
            869.0,
            1447.0,
            1402.0,
            1692.0,
            1419.0,
            2368.0,
            653.0,
            1230.0,
            489.0,
            2002.0,
            2532.0,
            1733.0,
            1079.0
        ],
        [
            1455.0,
            0.0,
            1455.0,
            693.0,
            1898.0,
            620.0,
            614.0,
            736.0,
            1698.0,
            1874.0,
            1726.0,
            1791.0,
            1992.0,
            1251.0,
            547.0,
            2347.0,
            385.0,
            1311.0
        ],
        [
            1455.0,
            1455.0,
            0.0,
            1942.0,
            2746.0,
            1115.0,
            888.0,
            747.0,
            271.0,
            2712.0,
            1013.0,
            2102.0,
            844.0,
            1727.0,
            1777.0,
            1094.0,
            1834.0,
            377.0
        ],
        [
            2146.0,
            693.0,
            1942.0,
            0.0,
            2365.0,
            1308.0,
            1062.0,
            1202.0,
            2141.0,
            2349.0,
            1857.0,
            2434.0,
            2603.0,
            1903.0,
            169.0,
            2623.0,
            489.0,
            1895.0
        ],
        [
            1454.0,
            1898.0,
            2746.0,
            2365.0,
            0.0,
            1714.0,
            2314.0,
            2356.0,
            3011.0,
            36.0,
            3457.0,
            938.0,
            2682.0,
            1033.0,
            2306.0,
            3836.0,
            1883.0,
            2395.0
        ],
        [
            869.0,
            620.0,
            1115.0,
            1308.0,
            1714.0,
            0.0,
            642.0,
            653.0,
            1385.0,
            1683.0,
            1746.0,
            1326.0,
            1446.0,
            808.0,
            1154.0,
            2164.0,
            962.0,
            845.0
        ],
        [
            1447.0,
            614.0,
            888.0,
            1062.0,
            2314.0,
            642.0,
            0.0,
            142.0,
            1108.0,
            2285.0,
            1162.0,
            1963.0,
            1564.0,
            1449.0,
            895.0,
            1735.0,
            970.0,
            851.0
        ],
        [
            1402.0,
            736.0,
            747.0,
            1202.0,
            2356.0,
            653.0,
            142.0,
            0.0,
            971.0,
            2327.0,
            1102.0,
            1949.0,
            1433.0,
            1451.0,
            1036.0,
            1624.0,
            1102.0,
            720.0
        ],
        [
            1692.0,
            1698.0,
            271.0,
            2141.0,
            3011.0,
            1385.0,
            1108.0,
            971.0,
            0.0,
            2977.0,
            930.0,
            2343.0,
            891.0,
            1988.0,
            1980.0,
            841.0,
            2071.0,
            623.0
        ],
        [
            1419.0,
            1874.0,
            2712.0,
            2349.0,
            36.0,
            1683.0,
            2285.0,
            2327.0,
            2977.0,
            0.0,
            3427.0,
            906.0,
            2647.0,
            999.0,
            2287.0,
            3803.0,
            1865.0,
            2361.0
        ],
        [
            2368.0,
            1726.0,
            1013.0,
            1857.0,
            3457.0,
            1746.0,
            1162.0,
            1102.0,
            930.0,
            3427.0,
            0.0,
            2980.0,
            1815.0,
            2521.0,
            1735.0,
            841.0,
            2007.0,
            1345.0
        ],
        [
            653.0,
            1791.0,
            2102.0,
            2434.0,
            938.0,
            1326.0,
            1963.0,
            1949.0,
            2343.0,
            906.0,
            2980.0,
            0.0,
            1840.0,
            541.0,
            2318.0,
            3183.0,
            1964.0,
            1726.0
        ],
        [
            1230.0,
            1992.0,
            844.0,
            2603.0,
            2682.0,
            1446.0,
            1564.0,
            1433.0,
            891.0,
            2647.0,
            1815.0,
            1840.0,
            0.0,
            1676.0,
            2435.0,
            1583.0,
            2371.0,
            714.0
        ],
        [
            489.0,
            1251.0,
            1727.0,
            1903.0,
            1033.0,
            808.0,
            1449.0,
            1451.0,
            1988.0,
            999.0,
            2521.0,
            541.0,
            1676.0,
            0.0,
            1782.0,
            2821.0,
            1442.0,
            1368.0
        ],
        [
            2002.0,
            547.0,
            1777.0,
            169.0,
            2306.0,
            1154.0,
            895.0,
            1036.0,
            1980.0,
            2287.0,
            1735.0,
            2318.0,
            2435.0,
            1782.0,
            0.0,
            2484.0,
            428.0,
            1726.0
        ],
        [
            2532.0,
            2347.0,
            1094.0,
            2623.0,
            3836.0,
            2164.0,
            1735.0,
            1624.0,
            841.0,
            3803.0,
            841.0,
            3183.0,
            1583.0,
            2821.0,
            2484.0,
            0.0,
            2685.0,
            1462.0
        ],
        [
            1733.0,
            385.0,
            1834.0,
            489.0,
            1883.0,
            962.0,
            970.0,
            1102.0,
            2071.0,
            1865.0,
            2007.0,
            1964.0,
            2371.0,
            1442.0,
            428.0,
            2685.0,
            0.0,
            1695.0
        ],
        [
            1079.0,
            1311.0,
            377.0,
            1895.0,
            2395.0,
            845.0,
            851.0,
            720.0,
            623.0,
            2361.0,
            1345.0,
            1726.0,
            714.0,
            1368.0,
            1726.0,
            1462.0,
            1695.0,
            0.0
        ]
    ],
    "_travel_distance_matrix": [
        [
            0,
            13,
            13,
            18,
            13,
            8,
            13,
            12,
            15,
            12,
            20,
            6,
            11,
            5,
            17,
            22,
            15,
            9
        ],
        [
            13,
            0,
            13,
            6,
            16,
            6,
            6,
            7,
            15,
            16,
            15,
            15,
            17,
            11,
            5,
            20,
            4,
            11
        ],
        [
            13,
            13,
            0,
            17,
            23,
            10,
            8,
            7,
            3,
            23,
            9,
            18,
            8,
            15,
            15,
            10,
            16,
            4
        ],
        [
            18,
            6,
            17,
            0,
            20,
            11,
            9,
            11,
            18,
            20,
            16,
            21,
            22,
            16,
            2,
            22,
            5,
            16
        ],
        [
            13,
            16,
            23,
            20,
            0,
            15,
            20,
            20,
            26,
            1,
            29,
            8,
            23,
            9,
            20,
            32,
            16,
            20
        ],
        [
            8,
            6,
            10,
            11,
            15,
            0,
            6,
            6,
            12,
            15,
            15,
            12,
            13,
            7,
            10,
            19,
            9,
            8
        ],
        [
            13,
            6,
            8,
            9,
            20,
            6,
            0,
            2,
            10,
            20,
            10,
            17,
            14,
            13,
            8,
            15,
            9,
            8
        ],
        [
            12,
            7,
            7,
            11,
            20,
            6,
            2,
            0,
            9,
            20,
            10,
            17,
            12,
            13,
            9,
            14,
            10,
            6
        ],
        [
            15,
            15,
            3,
            18,
            26,
            12,
            10,
            9,
            0,
            25,
            8,
            20,
            8,
            17,
            17,
            8,
            18,
            6
        ],
        [
            12,
            16,
            23,
            20,
            1,
            15,
            20,
            20,
            25,
            0,
            29,
            8,
            23,
            9,
            20,
            32,
            16,
            20
        ],
        [
            20,
            15,
            9,
            16,
            29,
            15,
            10,
            10,
            8,
            29,
            0,
            25,
            16,
            22,
            15,
            8,
            17,
            12
        ],
        [
            6,
            15,
            18,
            21,
            8,
            12,
            17,
            17,
            20,
            8,
            25,
            0,
            16,
            5,
            20,
            27,
            17,
            15
        ],
        [
            11,
            17,
            8,
            22,
            23,
            13,
            14,
            12,
            8,
            23,
            16,
            16,
            0,
            14,
            21,
            14,
            20,
            6
        ],
        [
            5,
            11,
            15,
            16,
            9,
            7,
            13,
            13,
            17,
            9,
            22,
            5,
            14,
            0,
            15,
            24,
            13,
            12
        ],
        [
            17,
            5,
            15,
            2,
            20,
            10,
            8,
            9,
            17,
            20,
            15,
            20,
            21,
            15,
            0,
            21,
            4,
            15
        ],
        [
            22,
            20,
            10,
            22,
            32,
            19,
            15,
            14,
            8,
            32,
            8,
            27,
            14,
            24,
            21,
            0,
            23,
            13
        ],
        [
            15,
            4,
            16,
            5,
            16,
            9,
            9,
            10,
            18,
            16,
            17,
            17,
            20,
            13,
            4,
            23,
            0,
            15
        ],
        [
            9,
            11,
            4,
            16,
            20,
            8,
            8,
            6,
            6,
            20,
            12,
            15,
            6,
            12,
            15,
            13,
            15,
            0
        ]
    ]
}