{
    "_id_": "t=euclidean+d=7+c=3+n=05+v=3+o=100+r=07",
    "meta": {
        "t": "euclidean",
        "d": 7,
        "c": 3,
        "n": 5,
        "v": 3,
        "o": 100,
        "r": 7
    },
    "num_carriers": 3,
    "max_vehicle_load": 999999999,
    "max_tour_distance": 999999999,
    "max_tour_duration": 999999999,
    "carriers_max_num_tours": 3,
    "requests": [
        0,
        1,
        2,
        3,
        4,
        5,
        6,
        7,
        8,
        9,
        10,
        11,
        12,
        13,
        14
    ],
    "num_requests": 15,
    "num_requests_per_carrier": 5,
    "vertex_x_coords": [
        19.5,
        9.000000000000002,
        8.999999999999996,
        23.267241115629222,
        6.938855725103557,
        13.259604955799439,
        16.816140726032852,
        10.943127819809401,
        1.8269488400413092,
        16.97976231569563,
        11.926338889276042,
        12.587363683329908,
        20.643126876791033,
        24.83277912532679,
        13.661073595208354,
        15.407892102820517,
        13.4102424745871,
        3.8693718655574223
    ],
    "vertex_y_coords": [
        12.5,
        18.562177826491073,
        6.4378221735089305,
        23.439047920048306,
        5.38680715158372,
        0.9169296772199714,
        23.203206836547867,
        21.916070060430602,
        20.065034222098724,
        10.666279431944375,
        15.235019777733303,
        15.074335822420354,
        16.332463426295277,
        21.634922052432884,
        3.258037450662321,
        6.559049288816468,
        16.801951320330904,
        15.869225847358216
    ],
    "request_to_carrier_assignment": [
        0,
        0,
        0,
        0,
        0,
        1,
        1,
        1,
        1,
        1,
        2,
        2,
        2,
        2,
        2
    ],
    "request_disclosure_time": [
        "0001-01-01T00:00:00",
        "0001-01-01T06:48:00",
        "0001-01-01T13:36:00",
        "0001-01-01T20:24:00",
        "0001-01-02T03:12:00",
        "0001-01-01T00:00:00",
        "0001-01-01T06:48:00",
        "0001-01-01T13:36:00",
        "0001-01-01T20:24:00",
        "0001-01-02T03:12:00",
        "0001-01-01T00:00:00",
        "0001-01-01T06:48:00",
        "0001-01-01T13:36:00",
        "0001-01-01T20:24:00",
        "0001-01-02T03:12:00"
    ],
    "vertex_revenue": [
        0,
        0,
        0,
        1,
        1,
        1,
        1,
        1,
        1,
        1,
        1,
        1,
        1,
        1,
        1,
        1,
        1,
        1
    ],
    "vertex_load": [
        0,
        0,
        0,
        1,
        1,
        1,
        1,
        1,
        1,
        1,
        1,
        1,
        1,
        1,
        1,
        1,
        1,
        1
    ],
    "vertex_service_duration": [
        0,
        0,
        0,
        240.0,
        240.0,
        240.0,
        240.0,
        240.0,
        240.0,
        240.0,
        240.0,
        240.0,
        240.0,
        240.0,
        240.0,
        240.0,
        240.0,
        240.0
    ],
    "tw_open": [
        "0001-01-02T10:00:00",
        "0001-01-02T10:00:00",
        "0001-01-02T10:00:00",
        "0001-01-02T10:00:00",
        "0001-01-02T10:00:00",
        "0001-01-02T10:00:00",
        "0001-01-02T10:00:00",
        "0001-01-02T10:00:00",
        "0001-01-02T10:00:00",
        "0001-01-02T10:00:00",
        "0001-01-02T10:00:00",
        "0001-01-02T10:00:00",
        "0001-01-02T10:00:00",
        "0001-01-02T10:00:00",
        "0001-01-02T10:00:00",
        "0001-01-02T10:00:00",
        "0001-01-02T10:00:00",
        "0001-01-02T10:00:00"
    ],
    "tw_close": [
        "0001-01-02T18:00:00",
        "0001-01-02T18:00:00",
        "0001-01-02T18:00:00",
        "0001-01-02T18:00:00",
        "0001-01-02T18:00:00",
        "0001-01-02T18:00:00",
        "0001-01-02T18:00:00",
        "0001-01-02T18:00:00",
        "0001-01-02T18:00:00",
        "0001-01-02T18:00:00",
        "0001-01-02T18:00:00",
        "0001-01-02T18:00:00",
        "0001-01-02T18:00:00",
        "0001-01-02T18:00:00",
        "0001-01-02T18:00:00",
        "0001-01-02T18:00:00",
        "0001-01-02T18:00:00",
        "0001-01-02T18:00:00"
    ],
    "_travel_duration_matrix": [
        [
            0.0,
            1455.0,
            1455.0,
            1389.0,
            1733.0,
            1579.0,
            1325.0,
            1527.0,
            2307.0,
            375.0,
            967.0,
            886.0,
            480.0,
            1270.0,
            1312.0,
            866.0,
            895.0,
            1919.0
        ],
        [
            1455.0,
            0.0,
            1455.0,
            1810.0,
            1601.0,
            2179.0,
            1091.0,
            466.0,
            880.0,
            1348.0,
            532.0,
            601.0,
            1423.0,
            1936.0,
            1920.0,
            1633.0,
            570.0,
            696.0
        ],
        [
            1455.0,
            1455.0,
            0.0,
            2664.0,
            278.0,
            837.0,
            2220.0,
            1872.0,
            1848.0,
            1084.0,
            1113.0,
            1123.0,
            1834.0,
            2634.0,
            678.0,
            770.0,
            1352.0,
            1289.0
        ],
        [
            1389.0,
            1810.0,
            2664.0,
            0.0,
            2921.0,
            2958.0,
            775.0,
            1491.0,
            2605.0,
            1709.0,
            1680.0,
            1628.0,
            910.0,
            287.0,
            2683.0,
            2235.0,
            1426.0,
            2499.0
        ],
        [
            1733.0,
            1601.0,
            278.0,
            2921.0,
            0.0,
            929.0,
            2445.0,
            2041.0,
            1866.0,
            1362.0,
            1325.0,
            1346.0,
            2105.0,
            2901.0,
            847.0,
            1026.0,
            1575.0,
            1311.0
        ],
        [
            1579.0,
            2179.0,
            837.0,
            2958.0,
            929.0,
            0.0,
            2709.0,
            2536.0,
            2677.0,
            1253.0,
            1726.0,
            1701.0,
            2052.0,
            2848.0,
            286.0,
            725.0,
            1907.0,
            2119.0
        ],
        [
            1325.0,
            1091.0,
            2220.0,
            775.0,
            2445.0,
            2709.0,
            0.0,
            722.0,
            1838.0,
            1505.0,
            1122.0,
            1100.0,
            944.0,
            981.0,
            2424.0,
            2005.0,
            871.0,
            1786.0
        ],
        [
            1527.0,
            466.0,
            1872.0,
            1491.0,
            2041.0,
            2536.0,
            722.0,
            0.0,
            1117.0,
            1533.0,
            811.0,
            845.0,
            1344.0,
            1668.0,
            2263.0,
            1920.0,
            682.0,
            1117.0
        ],
        [
            2307.0,
            880.0,
            1848.0,
            2605.0,
            1866.0,
            2677.0,
            1838.0,
            1117.0,
            0.0,
            2140.0,
            1344.0,
            1424.0,
            2302.0,
            2768.0,
            2467.0,
            2299.0,
            1445.0,
            560.0
        ],
        [
            375.0,
            1348.0,
            1084.0,
            1709.0,
            1362.0,
            1253.0,
            1505.0,
            1533.0,
            2140.0,
            0.0,
            818.0,
            747.0,
            810.0,
            1619.0,
            975.0,
            528.0,
            852.0,
            1693.0
        ],
        [
            967.0,
            532.0,
            1113.0,
            1680.0,
            1325.0,
            1726.0,
            1122.0,
            811.0,
            1344.0,
            818.0,
            0.0,
            82.0,
            1055.0,
            1729.0,
            1453.0,
            1122.0,
            259.0,
            970.0
        ],
        [
            886.0,
            601.0,
            1123.0,
            1628.0,
            1346.0,
            1701.0,
            1100.0,
            845.0,
            1424.0,
            747.0,
            82.0,
            0.0,
            979.0,
            1668.0,
            1424.0,
            1077.0,
            230.0,
            1051.0
        ],
        [
            480.0,
            1423.0,
            1834.0,
            910.0,
            2105.0,
            2052.0,
            944.0,
            1344.0,
            2302.0,
            810.0,
            1055.0,
            979.0,
            0.0,
            811.0,
            1779.0,
            1331.0,
            870.0,
            2014.0
        ],
        [
            1270.0,
            1936.0,
            2634.0,
            287.0,
            2901.0,
            2848.0,
            981.0,
            1668.0,
            2768.0,
            1619.0,
            1729.0,
            1668.0,
            811.0,
            0.0,
            2581.0,
            2134.0,
            1489.0,
            2610.0
        ],
        [
            1312.0,
            1920.0,
            678.0,
            2683.0,
            847.0,
            286.0,
            2424.0,
            2263.0,
            2467.0,
            975.0,
            1453.0,
            1424.0,
            1779.0,
            2581.0,
            0.0,
            449.0,
            1626.0,
            1916.0
        ],
        [
            866.0,
            1633.0,
            770.0,
            2235.0,
            1026.0,
            725.0,
            2005.0,
            1920.0,
            2299.0,
            528.0,
            1122.0,
            1077.0,
            1331.0,
            2134.0,
            449.0,
            0.0,
            1253.0,
            1780.0
        ],
        [
            895.0,
            570.0,
            1352.0,
            1426.0,
            1575.0,
            1907.0,
            871.0,
            682.0,
            1445.0,
            852.0,
            259.0,
            230.0,
            870.0,
            1489.0,
            1626.0,
            1253.0,
            0.0,
            1151.0
        ],
        [
            1919.0,
            696.0,
            1289.0,
            2499.0,
            1311.0,
            2119.0,
            1786.0,
            1117.0,
            560.0,
            1693.0,
            970.0,
            1051.0,
            2014.0,
            2610.0,
            1916.0,
            1780.0,
            1151.0,
            0.0
        ]
    ],
    "_travel_distance_matrix": [
        [
            0,
            13,
            13,
            12,
            15,
            14,
            12,
            13,
            20,
            4,
            9,
            8,
            4,
            11,
            11,
            8,
            8,
            16
        ],
        [
            13,
            0,
            13,
            16,
            14,
            19,
            10,
            4,
            8,
            12,
            5,
            6,
            12,
            17,
            16,
            14,
            5,
            6
        ],
        [
            13,
            13,
            0,
            23,
            3,
            7,
            19,
            16,
            16,
            10,
            10,
            10,
            16,
            22,
            6,
            7,
            12,
            11
        ],
        [
            12,
            16,
            23,
            0,
            25,
            25,
            7,
            13,
            22,
            15,
            14,
            14,
            8,
            3,
            23,
            19,
            12,
            21
        ],
        [
            15,
            14,
            3,
            25,
            0,
            8,
            21,
            18,
            16,
            12,
            12,
            12,
            18,
            25,
            8,
            9,
            14,
            11
        ],
        [
            14,
            19,
            7,
            25,
            8,
            0,
            23,
            22,
            23,
            11,
            15,
            15,
            18,
            24,
            3,
            7,
            16,
            18
        ],
        [
            12,
            10,
            19,
            7,
            21,
            23,
            0,
            7,
            16,
            13,
            10,
            10,
            8,
            9,
            21,
            17,
            8,
            15
        ],
        [
            13,
            4,
            16,
            13,
            18,
            22,
            7,
            0,
            10,
            13,
            7,
            8,
            12,
            14,
            19,
            16,
            6,
            10
        ],
        [
            20,
            8,
            16,
            22,
            16,
            23,
            16,
            10,
            0,
            18,
            12,
            12,
            20,
            24,
            21,
            20,
            13,
            5
        ],
        [
            4,
            12,
            10,
            15,
            12,
            11,
            13,
            13,
            18,
            0,
            7,
            7,
            7,
            14,
            9,
            5,
            8,
            15
        ],
        [
            9,
            5,
            10,
            14,
            12,
            15,
            10,
            7,
            12,
            7,
            0,
            1,
            9,
            15,
            13,
            10,
            3,
            9
        ],
        [
            8,
            6,
            10,
            14,
            12,
            15,
            10,
            8,
            12,
            7,
            1,
            0,
            9,
            14,
            12,
            9,
            2,
            9
        ],
        [
            4,
            12,
            16,
            8,
            18,
            18,
            8,
            12,
            20,
            7,
            9,
            9,
            0,
            7,
            15,
            12,
            8,
            17
        ],
        [
            11,
            17,
            22,
            3,
            25,
            24,
            9,
            14,
            24,
            14,
            15,
            14,
            7,
            0,
            22,
            18,
            13,
            22
        ],
        [
            11,
            16,
            6,
            23,
            8,
            3,
            21,
            19,
            21,
            9,
            13,
            12,
            15,
            22,
            0,
            4,
            14,
            16
        ],
        [
            8,
            14,
            7,
            19,
            9,
            7,
            17,
            16,
            20,
            5,
            10,
            9,
            12,
            18,
            4,
            0,
            11,
            15
        ],
        [
            8,
            5,
            12,
            12,
            14,
            16,
            8,
            6,
            13,
            8,
            3,
            2,
            8,
            13,
            14,
            11,
            0,
            10
        ],
        [
            16,
            6,
            11,
            21,
            11,
            18,
            15,
            10,
            5,
            15,
            9,
            9,
            17,
            22,
            16,
            15,
            10,
            0
        ]
    ]
}