{
    "_id_": "t=euclidean+d=7+c=3+n=10+v=3+o=100+r=00",
    "meta": {
        "t": "euclidean",
        "d": 7,
        "c": 3,
        "n": 10,
        "v": 3,
        "o": 100,
        "r": 0
    },
    "num_carriers": 3,
    "max_vehicle_load": 999999999,
    "max_tour_distance": 999999999,
    "max_tour_duration": 999999999,
    "carriers_max_num_tours": 3,
    "requests": [
        0,
        1,
        2,
        3,
        4,
        5,
        6,
        7,
        8,
        9,
        10,
        11,
        12,
        13,
        14,
        15,
        16,
        17,
        18,
        19,
        20,
        21,
        22,
        23,
        24,
        25,
        26,
        27,
        28,
        29
    ],
    "num_requests": 30,
    "num_requests_per_carrier": 10,
    "vertex_x_coords": [
        19.5,
        9.000000000000002,
        8.999999999999996,
        4.309244146784009,
        23.92945398581061,
        12.692121528317415,
        7.5040793996898945,
        7.8238658196461754,
        7.923140357770772,
        23.812849011031357,
        0.5751865621548169,
        23.69430433486278,
        15.231297384422193,
        19.228126653706056,
        4.9679581604879255,
        2.3976663933885116,
        8.377206400601366,
        11.725466718803052,
        24.946268287565868,
        19.290282661893684,
        22.97449526460121,
        17.392313594663598,
        6.663346514208598,
        16.42511555493064,
        4.924633419322452,
        0.2803269919010226,
        10.676223972081383,
        18.70001050941284,
        6.482292262524342,
        8.834781909691896,
        0.6066281429139342,
        15.410708396084209,
        0.9032996058604414
    ],
    "vertex_y_coords": [
        12.5,
        18.562177826491073,
        6.4378221735089305,
        21.923052865916272,
        23.771430562538733,
        14.958245430097392,
        13.676801096452742,
        12.545488277732911,
        4.456302562316453,
        23.50310835672748,
        6.913383849574179,
        15.96014548193308,
        3.183618801978813,
        16.56137695185463,
        20.68474200439306,
        0.15200384987440474,
        21.70685314841325,
        7.988411001016896,
        17.31526751549161,
        12.7121931236795,
        18.498915635138058,
        11.570319052778633,
        6.251936422599735,
        12.833547036164125,
        11.093804416894818,
        23.08003931413768,
        6.267283731104375,
        14.467884511929233,
        21.351996763923083,
        6.187750418976715,
        11.066892439910744,
        6.121389672936791,
        14.951931689072712
    ],
    "request_to_carrier_assignment": [
        0,
        0,
        0,
        0,
        0,
        0,
        0,
        0,
        0,
        0,
        1,
        1,
        1,
        1,
        1,
        1,
        1,
        1,
        1,
        1,
        2,
        2,
        2,
        2,
        2,
        2,
        2,
        2,
        2,
        2
    ],
    "request_disclosure_time": [
        "0001-01-01T00:00:00",
        "0001-01-01T03:24:00",
        "0001-01-01T06:48:00",
        "0001-01-01T10:12:00",
        "0001-01-01T13:36:00",
        "0001-01-01T17:00:00",
        "0001-01-01T20:24:00",
        "0001-01-01T23:48:00",
        "0001-01-02T03:12:00",
        "0001-01-02T06:36:00",
        "0001-01-01T00:00:00",
        "0001-01-01T03:24:00",
        "0001-01-01T06:48:00",
        "0001-01-01T10:12:00",
        "0001-01-01T13:36:00",
        "0001-01-01T17:00:00",
        "0001-01-01T20:24:00",
        "0001-01-01T23:48:00",
        "0001-01-02T03:12:00",
        "0001-01-02T06:36:00",
        "0001-01-01T00:00:00",
        "0001-01-01T03:24:00",
        "0001-01-01T06:48:00",
        "0001-01-01T10:12:00",
        "0001-01-01T13:36:00",
        "0001-01-01T17:00:00",
        "0001-01-01T20:24:00",
        "0001-01-01T23:48:00",
        "0001-01-02T03:12:00",
        "0001-01-02T06:36:00"
    ],
    "vertex_revenue": [
        0,
        0,
        0,
        1,
        1,
        1,
        1,
        1,
        1,
        1,
        1,
        1,
        1,
        1,
        1,
        1,
        1,
        1,
        1,
        1,
        1,
        1,
        1,
        1,
        1,
        1,
        1,
        1,
        1,
        1,
        1,
        1,
        1
    ],
    "vertex_load": [
        0,
        0,
        0,
        1,
        1,
        1,
        1,
        1,
        1,
        1,
        1,
        1,
        1,
        1,
        1,
        1,
        1,
        1,
        1,
        1,
        1,
        1,
        1,
        1,
        1,
        1,
        1,
        1,
        1,
        1,
        1,
        1,
        1
    ],
    "vertex_service_duration": [
        0,
        0,
        0,
        240.0,
        240.0,
        240.0,
        240.0,
        240.0,
        240.0,
        240.0,
        240.0,
        240.0,
        240.0,
        240.0,
        240.0,
        240.0,
        240.0,
        240.0,
        240.0,
        240.0,
        240.0,
        240.0,
        240.0,
        240.0,
        240.0,
        240.0,
        240.0,
        240.0,
        240.0,
        240.0,
        240.0,
        240.0,
        240.0
    ],
    "tw_open": [
        "0001-01-02T10:00:00",
        "0001-01-02T10:00:00",
        "0001-01-02T10:00:00",
        "0001-01-02T10:00:00",
        "0001-01-02T10:00:00",
        "0001-01-02T10:00:00",
        "0001-01-02T10:00:00",
        "0001-01-02T10:00:00",
        "0001-01-02T10:00:00",
        "0001-01-02T10:00:00",
        "0001-01-02T10:00:00",
        "0001-01-02T10:00:00",
        "0001-01-02T10:00:00",
        "0001-01-02T10:00:00",
        "0001-01-02T10:00:00",
        "0001-01-02T10:00:00",
        "0001-01-02T10:00:00",
        "0001-01-02T10:00:00",
        "0001-01-02T10:00:00",
        "0001-01-02T10:00:00",
        "0001-01-02T10:00:00",
        "0001-01-02T10:00:00",
        "0001-01-02T10:00:00",
        "0001-01-02T10:00:00",
        "0001-01-02T10:00:00",
        "0001-01-02T10:00:00",
        "0001-01-02T10:00:00",
        "0001-01-02T10:00:00",
        "0001-01-02T10:00:00",
        "0001-01-02T10:00:00",
        "0001-01-02T10:00:00",
        "0001-01-02T10:00:00",
        "0001-01-02T10:00:00"
    ],
    "tw_close": [
        "0001-01-02T18:00:00",
        "0001-01-02T18:00:00",
        "0001-01-02T18:00:00",
        "0001-01-02T18:00:00",
        "0001-01-02T18:00:00",
        "0001-01-02T18:00:00",
        "0001-01-02T18:00:00",
        "0001-01-02T18:00:00",
        "0001-01-02T18:00:00",
        "0001-01-02T18:00:00",
        "0001-01-02T18:00:00",
        "0001-01-02T18:00:00",
        "0001-01-02T18:00:00",
        "0001-01-02T18:00:00",
        "0001-01-02T18:00:00",
        "0001-01-02T18:00:00",
        "0001-01-02T18:00:00",
        "0001-01-02T18:00:00",
        "0001-01-02T18:00:00",
        "0001-01-02T18:00:00",
        "0001-01-02T18:00:00",
        "0001-01-02T18:00:00",
        "0001-01-02T18:00:00",
        "0001-01-02T18:00:00",
        "0001-01-02T18:00:00",
        "0001-01-02T18:00:00",
        "0001-01-02T18:00:00",
        "0001-01-02T18:00:00",
        "0001-01-02T18:00:00",
        "0001-01-02T18:00:00",
        "0001-01-02T18:00:00",
        "0001-01-02T18:00:00",
        "0001-01-02T18:00:00"
    ],
    "_travel_duration_matrix": [
        [
            0.0,
            1455.0,
            1455.0,
            2146.0,
            1454.0,
            869.0,
            1447.0,
            1402.0,
            1692.0,
            1419.0,
            2368.0,
            653.0,
            1230.0,
            489.0,
            2002.0,
            2532.0,
            1733.0,
            1079.0,
            873.0,
            36.0,
            832.0,
            277.0,
            1714.0,
            372.0,
            1758.0,
            2633.0,
            1297.0,
            255.0,
            1890.0,
            1488.0,
            2274.0,
            910.0,
            2251.0
        ],
        [
            1455.0,
            0.0,
            1455.0,
            693.0,
            1898.0,
            620.0,
            614.0,
            736.0,
            1698.0,
            1874.0,
            1726.0,
            1791.0,
            1992.0,
            1251.0,
            547.0,
            2347.0,
            385.0,
            1311.0,
            1920.0,
            1421.0,
            1677.0,
            1311.0,
            1504.0,
            1126.0,
            1021.0,
            1179.0,
            1490.0,
            1264.0,
            451.0,
            1486.0,
            1351.0,
            1680.0,
            1064.0
        ],
        [
            1455.0,
            1455.0,
            0.0,
            1942.0,
            2746.0,
            1115.0,
            888.0,
            747.0,
            271.0,
            2712.0,
            1013.0,
            2102.0,
            844.0,
            1727.0,
            1777.0,
            1094.0,
            1834.0,
            377.0,
            2317.0,
            1447.0,
            2216.0,
            1181.0,
            282.0,
            1176.0,
            743.0,
            2255.0,
            203.0,
            1512.0,
            1816.0,
            36.0,
            1151.0,
            771.0,
            1410.0
        ],
        [
            2146.0,
            693.0,
            1942.0,
            0.0,
            2365.0,
            1308.0,
            1062.0,
            1202.0,
            2141.0,
            2349.0,
            1857.0,
            2434.0,
            2603.0,
            1903.0,
            169.0,
            2623.0,
            489.0,
            1895.0,
            2538.0,
            2111.0,
            2278.0,
            2003.0,
            1902.0,
            1818.0,
            1302.0,
            504.0,
            2029.0,
            1945.0,
            270.0,
            1965.0,
            1377.0,
            2318.0,
            932.0
        ],
        [
            1454.0,
            1898.0,
            2746.0,
            2365.0,
            0.0,
            1714.0,
            2314.0,
            2356.0,
            3011.0,
            36.0,
            3457.0,
            938.0,
            2682.0,
            1033.0,
            2306.0,
            3836.0,
            1883.0,
            2395.0,
            785.0,
            1440.0,
            643.0,
            1662.0,
            2952.0,
            1592.0,
            2742.0,
            2840.0,
            2635.0,
            1281.0,
            2114.0,
            2781.0,
            3188.0,
            2352.0,
            2959.0
        ],
        [
            869.0,
            620.0,
            1115.0,
            1308.0,
            1714.0,
            0.0,
            642.0,
            653.0,
            1385.0,
            1683.0,
            1746.0,
            1326.0,
            1446.0,
            808.0,
            1154.0,
            2164.0,
            962.0,
            845.0,
            1498.0,
            837.0,
            1305.0,
            696.0,
            1271.0,
            516.0,
            1042.0,
            1780.0,
            1071.0,
            724.0,
            1070.0,
            1150.0,
            1524.0,
            1110.0,
            1415.0
        ],
        [
            1447.0,
            614.0,
            888.0,
            1062.0,
            2314.0,
            642.0,
            0.0,
            142.0,
            1108.0,
            2285.0,
            1162.0,
            1963.0,
            1564.0,
            1449.0,
            895.0,
            1735.0,
            970.0,
            851.0,
            2139.0,
            1420.0,
            1945.0,
            1214.0,
            897.0,
            1076.0,
            439.0,
            1423.0,
            968.0,
            1347.0,
            930.0,
            913.0,
            885.0,
            1313.0,
            807.0
        ],
        [
            1402.0,
            736.0,
            747.0,
            1202.0,
            2356.0,
            653.0,
            142.0,
            0.0,
            971.0,
            2327.0,
            1102.0,
            1949.0,
            1433.0,
            1451.0,
            1036.0,
            1624.0,
            1102.0,
            720.0,
            2133.0,
            1377.0,
            1954.0,
            1155.0,
            768.0,
            1033.0,
            390.0,
            1555.0,
            828.0,
            1326.0,
            1069.0,
            773.0,
            885.0,
            1193.0,
            880.0
        ],
        [
            1692.0,
            1698.0,
            271.0,
            2141.0,
            3011.0,
            1385.0,
            1108.0,
            971.0,
            0.0,
            2977.0,
            930.0,
            2343.0,
            891.0,
            1988.0,
            1980.0,
            841.0,
            2071.0,
            623.0,
            2561.0,
            1686.0,
            2471.0,
            1422.0,
            264.0,
            1433.0,
            875.0,
            2416.0,
            396.0,
            1766.0,
            2035.0,
            235.0,
            1184.0,
            921.0,
            1516.0
        ],
        [
            1419.0,
            1874.0,
            2712.0,
            2349.0,
            36.0,
            1683.0,
            2285.0,
            2327.0,
            2977.0,
            0.0,
            3427.0,
            906.0,
            2647.0,
            999.0,
            2287.0,
            3803.0,
            1865.0,
            2361.0,
            755.0,
            1405.0,
            609.0,
            1627.0,
            2920.0,
            1558.0,
            2712.0,
            2825.0,
            2601.0,
            1246.0,
            2096.0,
            2748.0,
            3160.0,
            2317.0,
            2935.0
        ],
        [
            2368.0,
            1726.0,
            1013.0,
            1857.0,
            3457.0,
            1746.0,
            1162.0,
            1102.0,
            930.0,
            3427.0,
            0.0,
            2980.0,
            1815.0,
            2521.0,
            1735.0,
            841.0,
            2007.0,
            1345.0,
            3180.0,
            2352.0,
            3027.0,
            2095.0,
            735.0,
            2031.0,
            724.0,
            1941.0,
            1215.0,
            2357.0,
            1873.0,
            995.0,
            499.0,
            1783.0,
            966.0
        ],
        [
            653.0,
            1791.0,
            2102.0,
            2434.0,
            938.0,
            1326.0,
            1963.0,
            1949.0,
            2343.0,
            906.0,
            2980.0,
            0.0,
            1840.0,
            541.0,
            2318.0,
            3183.0,
            1964.0,
            1726.0,
            222.0,
            657.0,
            317.0,
            922.0,
            2353.0,
            950.0,
            2327.0,
            2937.0,
            1948.0,
            626.0,
            2165.0,
            2135.0,
            2833.0,
            1544.0,
            2738.0
        ],
        [
            1230.0,
            1992.0,
            844.0,
            2603.0,
            2682.0,
            1446.0,
            1564.0,
            1433.0,
            891.0,
            2647.0,
            1815.0,
            1840.0,
            0.0,
            1676.0,
            2435.0,
            1583.0,
            2371.0,
            714.0,
            2058.0,
            1243.0,
            2060.0,
            1040.0,
            1093.0,
            1167.0,
            1560.0,
            2987.0,
            661.0,
            1417.0,
            2420.0,
            849.0,
            1994.0,
            354.0,
            2225.0
        ],
        [
            489.0,
            1251.0,
            1727.0,
            1903.0,
            1033.0,
            808.0,
            1449.0,
            1451.0,
            1988.0,
            999.0,
            2521.0,
            541.0,
            1676.0,
            0.0,
            1782.0,
            2821.0,
            1442.0,
            1368.0,
            693.0,
            462.0,
            507.0,
            639.0,
            1951.0,
            560.0,
            1838.0,
            2405.0,
            1606.0,
            260.0,
            1634.0,
            1763.0,
            2330.0,
            1334.0,
            2208.0
        ],
        [
            2002.0,
            547.0,
            1777.0,
            169.0,
            2306.0,
            1154.0,
            895.0,
            1036.0,
            1980.0,
            2287.0,
            1735.0,
            2318.0,
            2435.0,
            1782.0,
            0.0,
            2484.0,
            428.0,
            1726.0,
            2432.0,
            1968.0,
            2177.0,
            1850.0,
            1744.0,
            1667.0,
            1151.0,
            632.0,
            1861.0,
            1809.0,
            199.0,
            1801.0,
            1268.0,
            2151.0,
            844.0
        ],
        [
            2532.0,
            2347.0,
            1094.0,
            2623.0,
            3836.0,
            2164.0,
            1735.0,
            1624.0,
            841.0,
            3803.0,
            841.0,
            3183.0,
            1583.0,
            2821.0,
            2484.0,
            0.0,
            2685.0,
            1462.0,
            3401.0,
            2527.0,
            3309.0,
            2262.0,
            894.0,
            2270.0,
            1348.0,
            2764.0,
            1236.0,
            2604.0,
            2591.0,
            1059.0,
            1328.0,
            1719.0,
            1786.0
        ],
        [
            1733.0,
            385.0,
            1834.0,
            489.0,
            1883.0,
            962.0,
            970.0,
            1102.0,
            2071.0,
            1865.0,
            2007.0,
            1964.0,
            2371.0,
            1442.0,
            428.0,
            2685.0,
            0.0,
            1695.0,
            2057.0,
            1698.0,
            1794.0,
            1628.0,
            1866.0,
            1438.0,
            1340.0,
            986.0,
            1874.0,
            1513.0,
            232.0,
            1864.0,
            1582.0,
            2052.0,
            1209.0
        ],
        [
            1079.0,
            1311.0,
            377.0,
            1895.0,
            2395.0,
            845.0,
            851.0,
            720.0,
            623.0,
            2361.0,
            1345.0,
            1726.0,
            714.0,
            1368.0,
            1726.0,
            1462.0,
            1695.0,
            0.0,
            1942.0,
            1071.0,
            1848.0,
            805.0,
            643.0,
            810.0,
            898.0,
            2273.0,
            242.0,
            1143.0,
            1723.0,
            409.0,
            1385.0,
            496.0,
            1545.0
        ],
        [
            873.0,
            1920.0,
            2317.0,
            2538.0,
            785.0,
            1498.0,
            2139.0,
            2133.0,
            2561.0,
            755.0,
            3180.0,
            222.0,
            2058.0,
            693.0,
            2432.0,
            3401.0,
            2057.0,
            1942.0,
            0.0,
            876.0,
            276.0,
            1139.0,
            2565.0,
            1156.0,
            2516.0,
            3040.0,
            2166.0,
            824.0,
            2269.0,
            2350.0,
            3016.0,
            1765.0,
            2900.0
        ],
        [
            36.0,
            1421.0,
            1447.0,
            2111.0,
            1440.0,
            837.0,
            1420.0,
            1377.0,
            1686.0,
            1405.0,
            2352.0,
            657.0,
            1243.0,
            462.0,
            1968.0,
            2527.0,
            1698.0,
            1071.0,
            876.0,
            0.0,
            824.0,
            266.0,
            1703.0,
            345.0,
            1735.0,
            2599.0,
            1291.0,
            223.0,
            1854.0,
            1479.0,
            2251.0,
            918.0,
            2223.0
        ],
        [
            832.0,
            1677.0,
            2216.0,
            2278.0,
            643.0,
            1305.0,
            1945.0,
            1954.0,
            2471.0,
            609.0,
            3027.0,
            317.0,
            2060.0,
            507.0,
            2177.0,
            3309.0,
            1794.0,
            1848.0,
            276.0,
            824.0,
            0.0,
            1068.0,
            2448.0,
            1040.0,
            2342.0,
            2779.0,
            2082.0,
            706.0,
            2009.0,
            2250.0,
            2829.0,
            1741.0,
            2683.0
        ],
        [
            277.0,
            1311.0,
            1181.0,
            2003.0,
            1662.0,
            696.0,
            1214.0,
            1155.0,
            1422.0,
            1627.0,
            2095.0,
            922.0,
            1040.0,
            639.0,
            1850.0,
            2262.0,
            1628.0,
            805.0,
            1139.0,
            266.0,
            1068.0,
            0.0,
            1437.0,
            191.0,
            1498.0,
            2475.0,
            1027.0,
            382.0,
            1759.0,
            1214.0,
            2016.0,
            696.0,
            2020.0
        ],
        [
            1714.0,
            1504.0,
            282.0,
            1902.0,
            2952.0,
            1271.0,
            897.0,
            768.0,
            264.0,
            2920.0,
            735.0,
            2353.0,
            1093.0,
            1951.0,
            1744.0,
            894.0,
            1866.0,
            643.0,
            2565.0,
            1703.0,
            2448.0,
            1437.0,
            0.0,
            1413.0,
            618.0,
            2160.0,
            482.0,
            1749.0,
            1813.0,
            261.0,
            929.0,
            1050.0,
            1253.0
        ],
        [
            372.0,
            1126.0,
            1176.0,
            1818.0,
            1592.0,
            516.0,
            1076.0,
            1033.0,
            1433.0,
            1558.0,
            2031.0,
            950.0,
            1167.0,
            560.0,
            1667.0,
            2270.0,
            1438.0,
            810.0,
            1156.0,
            345.0,
            1040.0,
            191.0,
            1413.0,
            0.0,
            1396.0,
            2295.0,
            1048.0,
            337.0,
            1572.0,
            1211.0,
            1911.0,
            815.0,
            1880.0
        ],
        [
            1758.0,
            1021.0,
            743.0,
            1302.0,
            2742.0,
            1042.0,
            439.0,
            390.0,
            875.0,
            2712.0,
            724.0,
            2327.0,
            1560.0,
            1838.0,
            1151.0,
            1348.0,
            1340.0,
            898.0,
            2516.0,
            1735.0,
            2342.0,
            1498.0,
            618.0,
            1396.0,
            0.0,
            1543.0,
            902.0,
            1702.0,
            1246.0,
            753.0,
            519.0,
            1393.0,
            669.0
        ],
        [
            2633.0,
            1179.0,
            2255.0,
            504.0,
            2840.0,
            1780.0,
            1423.0,
            1555.0,
            2416.0,
            2825.0,
            1941.0,
            2937.0,
            2987.0,
            2405.0,
            632.0,
            2764.0,
            986.0,
            2273.0,
            3040.0,
            2599.0,
            2779.0,
            2475.0,
            2160.0,
            2295.0,
            1543.0,
            0.0,
            2373.0,
            2441.0,
            773.0,
            2273.0,
            1443.0,
            2728.0,
            979.0
        ],
        [
            1297.0,
            1490.0,
            203.0,
            2029.0,
            2635.0,
            1071.0,
            968.0,
            828.0,
            396.0,
            2601.0,
            1215.0,
            1948.0,
            661.0,
            1606.0,
            1861.0,
            1236.0,
            1874.0,
            242.0,
            2166.0,
            1291.0,
            2082.0,
            1027.0,
            482.0,
            1048.0,
            902.0,
            2373.0,
            0.0,
            1377.0,
            1879.0,
            222.0,
            1339.0,
            569.0,
            1569.0
        ],
        [
            255.0,
            1264.0,
            1512.0,
            1945.0,
            1281.0,
            724.0,
            1347.0,
            1326.0,
            1766.0,
            1246.0,
            2357.0,
            626.0,
            1417.0,
            260.0,
            1809.0,
            2604.0,
            1513.0,
            1143.0,
            824.0,
            223.0,
            706.0,
            382.0,
            1749.0,
            337.0,
            1702.0,
            2441.0,
            1377.0,
            0.0,
            1683.0,
            1546.0,
            2210.0,
            1077.0,
            2137.0
        ],
        [
            1890.0,
            451.0,
            1816.0,
            270.0,
            2114.0,
            1070.0,
            930.0,
            1069.0,
            2035.0,
            2096.0,
            1873.0,
            2165.0,
            2420.0,
            1634.0,
            199.0,
            2591.0,
            232.0,
            1723.0,
            2269.0,
            1854.0,
            2009.0,
            1759.0,
            1813.0,
            1572.0,
            1246.0,
            773.0,
            1879.0,
            1683.0,
            0.0,
            1842.0,
            1422.0,
            2119.0,
            1019.0
        ],
        [
            1488.0,
            1486.0,
            36.0,
            1965.0,
            2781.0,
            1150.0,
            913.0,
            773.0,
            235.0,
            2748.0,
            995.0,
            2135.0,
            849.0,
            1763.0,
            1801.0,
            1059.0,
            1864.0,
            409.0,
            2350.0,
            1479.0,
            2250.0,
            1214.0,
            261.0,
            1211.0,
            753.0,
            2273.0,
            222.0,
            1546.0,
            1842.0,
            0.0,
            1148.0,
            790.0,
            1419.0
        ],
        [
            2274.0,
            1351.0,
            1151.0,
            1377.0,
            3188.0,
            1524.0,
            885.0,
            885.0,
            1184.0,
            3160.0,
            499.0,
            2833.0,
            1994.0,
            2330.0,
            1268.0,
            1328.0,
            1582.0,
            1385.0,
            3016.0,
            2251.0,
            2829.0,
            2016.0,
            929.0,
            1911.0,
            519.0,
            1443.0,
            1339.0,
            2210.0,
            1422.0,
            1148.0,
            0.0,
            1873.0,
            468.0
        ],
        [
            910.0,
            1680.0,
            771.0,
            2318.0,
            2352.0,
            1110.0,
            1313.0,
            1193.0,
            921.0,
            2317.0,
            1783.0,
            1544.0,
            354.0,
            1334.0,
            2151.0,
            1719.0,
            2052.0,
            496.0,
            1765.0,
            918.0,
            1741.0,
            696.0,
            1050.0,
            815.0,
            1393.0,
            2728.0,
            569.0,
            1077.0,
            2119.0,
            790.0,
            1873.0,
            0.0,
            2039.0
        ],
        [
            2251.0,
            1064.0,
            1410.0,
            932.0,
            2959.0,
            1415.0,
            807.0,
            880.0,
            1516.0,
            2935.0,
            966.0,
            2738.0,
            2225.0,
            2208.0,
            844.0,
            1786.0,
            1209.0,
            1545.0,
            2900.0,
            2223.0,
            2683.0,
            2020.0,
            1253.0,
            1880.0,
            669.0,
            979.0,
            1569.0,
            2137.0,
            1019.0,
            1419.0,
            468.0,
            2039.0,
            0.0
        ]
    ],
    "_travel_distance_matrix": [
        [
            0,
            13,
            13,
            18,
            13,
            8,
            13,
            12,
            15,
            12,
            20,
            6,
            11,
            5,
            17,
            22,
            15,
            9,
            8,
            1,
            7,
            3,
            15,
            4,
            15,
            22,
            11,
            3,
            16,
            13,
            19,
            8,
            19
        ],
        [
            13,
            0,
            13,
            6,
            16,
            6,
            6,
            7,
            15,
            16,
            15,
            15,
            17,
            11,
            5,
            20,
            4,
            11,
            16,
            12,
            14,
            11,
            13,
            10,
            9,
            10,
            13,
            11,
            4,
            13,
            12,
            14,
            9
        ],
        [
            13,
            13,
            0,
            17,
            23,
            10,
            8,
            7,
            3,
            23,
            9,
            18,
            8,
            15,
            15,
            10,
            16,
            4,
            20,
            13,
            19,
            10,
            3,
            10,
            7,
            19,
            2,
            13,
            16,
            1,
            10,
            7,
            12
        ],
        [
            18,
            6,
            17,
            0,
            20,
            11,
            9,
            11,
            18,
            20,
            16,
            21,
            22,
            16,
            2,
            22,
            5,
            16,
            22,
            18,
            19,
            17,
            16,
            16,
            11,
            5,
            17,
            17,
            3,
            17,
            12,
            20,
            8
        ],
        [
            13,
            16,
            23,
            20,
            0,
            15,
            20,
            20,
            26,
            1,
            29,
            8,
            23,
            9,
            20,
            32,
            16,
            20,
            7,
            12,
            6,
            14,
            25,
            14,
            23,
            24,
            22,
            11,
            18,
            24,
            27,
            20,
            25
        ],
        [
            8,
            6,
            10,
            11,
            15,
            0,
            6,
            6,
            12,
            15,
            15,
            12,
            13,
            7,
            10,
            19,
            9,
            8,
            13,
            7,
            11,
            6,
            11,
            5,
            9,
            15,
            9,
            7,
            9,
            10,
            13,
            10,
            12
        ],
        [
            13,
            6,
            8,
            9,
            20,
            6,
            0,
            2,
            10,
            20,
            10,
            17,
            14,
            13,
            8,
            15,
            9,
            8,
            18,
            12,
            17,
            11,
            8,
            9,
            4,
            12,
            9,
            12,
            8,
            8,
            8,
            11,
            7
        ],
        [
            12,
            7,
            7,
            11,
            20,
            6,
            2,
            0,
            9,
            20,
            10,
            17,
            12,
            13,
            9,
            14,
            10,
            6,
            18,
            12,
            17,
            10,
            7,
            9,
            4,
            13,
            7,
            12,
            9,
            7,
            8,
            10,
            8
        ],
        [
            15,
            15,
            3,
            18,
            26,
            12,
            10,
            9,
            0,
            25,
            8,
            20,
            8,
            17,
            17,
            8,
            18,
            6,
            22,
            15,
            21,
            12,
            3,
            12,
            8,
            21,
            4,
            15,
            17,
            2,
            10,
            8,
            13
        ],
        [
            12,
            16,
            23,
            20,
            1,
            15,
            20,
            20,
            25,
            0,
            29,
            8,
            23,
            9,
            20,
            32,
            16,
            20,
            7,
            12,
            6,
            14,
            25,
            13,
            23,
            24,
            22,
            11,
            18,
            23,
            27,
            20,
            25
        ],
        [
            20,
            15,
            9,
            16,
            29,
            15,
            10,
            10,
            8,
            29,
            0,
            25,
            16,
            22,
            15,
            8,
            17,
            12,
            27,
            20,
            26,
            18,
            7,
            17,
            7,
            17,
            11,
            20,
            16,
            9,
            5,
            15,
            9
        ],
        [
            6,
            15,
            18,
            21,
            8,
            12,
            17,
            17,
            20,
            8,
            25,
            0,
            16,
            5,
            20,
            27,
            17,
            15,
            2,
            6,
            3,
            8,
            20,
            8,
            20,
            25,
            17,
            6,
            19,
            18,
            24,
            13,
            23
        ],
        [
            11,
            17,
            8,
            22,
            23,
            13,
            14,
            12,
            8,
            23,
            16,
            16,
            0,
            14,
            21,
            14,
            20,
            6,
            18,
            11,
            18,
            9,
            10,
            10,
            13,
            25,
            6,
            12,
            21,
            8,
            17,
            3,
            19
        ],
        [
            5,
            11,
            15,
            16,
            9,
            7,
            13,
            13,
            17,
            9,
            22,
            5,
            14,
            0,
            15,
            24,
            13,
            12,
            6,
            4,
            5,
            6,
            17,
            5,
            16,
            21,
            14,
            3,
            14,
            15,
            20,
            12,
            19
        ],
        [
            17,
            5,
            15,
            2,
            20,
            10,
            8,
            9,
            17,
            20,
            15,
            20,
            21,
            15,
            0,
            21,
            4,
            15,
            21,
            17,
            19,
            16,
            15,
            14,
            10,
            6,
            16,
            16,
            2,
            16,
            11,
            18,
            8
        ],
        [
            22,
            20,
            10,
            22,
            32,
            19,
            15,
            14,
            8,
            32,
            8,
            27,
            14,
            24,
            21,
            0,
            23,
            13,
            29,
            22,
            28,
            19,
            8,
            19,
            12,
            24,
            11,
            22,
            22,
            9,
            12,
            15,
            15
        ],
        [
            15,
            4,
            16,
            5,
            16,
            9,
            9,
            10,
            18,
            16,
            17,
            17,
            20,
            13,
            4,
            23,
            0,
            15,
            18,
            15,
            15,
            14,
            16,
            12,
            12,
            9,
            16,
            13,
            2,
            16,
            14,
            18,
            11
        ],
        [
            9,
            11,
            4,
            16,
            20,
            8,
            8,
            6,
            6,
            20,
            12,
            15,
            6,
            12,
            15,
            13,
            15,
            0,
            17,
            9,
            16,
            7,
            6,
            7,
            8,
            19,
            3,
            10,
            15,
            4,
            12,
            5,
            13
        ],
        [
            8,
            16,
            20,
            22,
            7,
            13,
            18,
            18,
            22,
            7,
            27,
            2,
            18,
            6,
            21,
            29,
            18,
            17,
            0,
            8,
            3,
            10,
            22,
            10,
            21,
            26,
            19,
            7,
            19,
            20,
            26,
            15,
            25
        ],
        [
            1,
            12,
            13,
            18,
            12,
            7,
            12,
            12,
            15,
            12,
            20,
            6,
            11,
            4,
            17,
            22,
