{
    "_id_": "t=euclidean+d=7+c=3+n=10+v=3+o=100+r=05",
    "meta": {
        "t": "euclidean",
        "d": 7,
        "c": 3,
        "n": 10,
        "v": 3,
        "o": 100,
        "r": 5
    },
    "num_carriers": 3,
    "max_vehicle_load": 999999999,
    "max_tour_distance": 999999999,
    "max_tour_duration": 999999999,
    "carriers_max_num_tours": 3,
    "requests": [
        0,
        1,
        2,
        3,
        4,
        5,
        6,
        7,
        8,
        9,
        10,
        11,
        12,
        13,
        14,
        15,
        16,
        17,
        18,
        19,
        20,
        21,
        22,
        23,
        24,
        25,
        26,
        27,
        28,
        29
    ],
    "num_requests": 30,
    "num_requests_per_carrier": 10,
    "vertex_x_coords": [
        19.5,
        9.000000000000002,
        8.999999999999996,
        15.820395220488201,
        20.606506528861836,
        14.839044535932794,
        11.112835195449597,
        5.355555157471067,
        19.48107325700203,
        23.583990318805377,
        20.58713193001932,
        17.96064366116764,
        15.289645310540859,
        17.104478324664274,
        20.425526575794333,
        12.541676513870433,
        16.267182042144565,
        1.844333581369026,
        15.78245796043717,
        12.546911406226766,
        19.883345792281766,
        23.466585285381935,
        6.631586997428651,
        20.37541791817685,
        20.675325760114198,
        18.822308593419876,
        18.9066882369681,
        24.630816817623106,
        7.70013677642053,
        7.739395692520534,
        2.299444542138371,
        8.232287862499646,
        20.131396474074815
    ],
    "vertex_y_coords": [
        12.5,
        18.562177826491073,
        6.4378221735089305,
        7.44756184506411,
        14.518047386008027,
        19.82657984994211,
        9.670811361813684,
        0.7498287893914823,
        16.796694391427753,
        10.487095054660506,
        14.950097605024789,
        6.335519389189667,
        0.6748553514177774,
        8.090498819582201,
        13.955464397767104,
        16.338225050120077,
        16.040671100351208,
        7.305178442717164,
        8.184284041577614,
        0.8226203941143151,
        4.891794968320109,
        8.171717248515312,
        13.301816752517817,
        12.076024252946048,
        24.764269363425658,
        3.523140889509613,
        1.8860143572982517,
        13.183244098490857,
        5.9865692928482455,
        19.297395671365823,
        4.361127486457744,
        11.63843741974312,
        0.3175010938710948
    ],
    "request_to_carrier_assignment": [
        0,
        0,
        0,
        0,
        0,
        0,
        0,
        0,
        0,
        0,
        1,
        1,
        1,
        1,
        1,
        1,
        1,
        1,
        1,
        1,
        2,
        2,
        2,
        2,
        2,
        2,
        2,
        2,
        2,
        2
    ],
    "request_disclosure_time": [
        "0001-01-01T00:00:00",
        "0001-01-01T03:24:00",
        "0001-01-01T06:48:00",
        "0001-01-01T10:12:00",
        "0001-01-01T13:36:00",
        "0001-01-01T17:00:00",
        "0001-01-01T20:24:00",
        "0001-01-01T23:48:00",
        "0001-01-02T03:12:00",
        "0001-01-02T06:36:00",
        "0001-01-01T00:00:00",
        "0001-01-01T03:24:00",
        "0001-01-01T06:48:00",
        "0001-01-01T10:12:00",
        "0001-01-01T13:36:00",
        "0001-01-01T17:00:00",
        "0001-01-01T20:24:00",
        "0001-01-01T23:48:00",
        "0001-01-02T03:12:00",
        "0001-01-02T06:36:00",
        "0001-01-01T00:00:00",
        "0001-01-01T03:24:00",
        "0001-01-01T06:48:00",
        "0001-01-01T10:12:00",
        "0001-01-01T13:36:00",
        "0001-01-01T17:00:00",
        "0001-01-01T20:24:00",
        "0001-01-01T23:48:00",
        "0001-01-02T03:12:00",
        "0001-01-02T06:36:00"
    ],
    "vertex_revenue": [
        0,
        0,
        0,
        1,
        1,
        1,
        1,
        1,
        1,
        1,
        1,
        1,
        1,
        1,
        1,
        1,
        1,
        1,
        1,
        1,
        1,
        1,
        1,
        1,
        1,
        1,
        1,
        1,
        1,
        1,
        1,
        1,
        1
    ],
    "vertex_load": [
        0,
        0,
        0,
        1,
        1,
        1,
        1,
        1,
        1,
        1,
        1,
        1,
        1,
        1,
        1,
        1,
        1,
        1,
        1,
        1,
        1,
        1,
        1,
        1,
        1,
        1,
        1,
        1,
        1,
        1,
        1,
        1,
        1
    ],
    "vertex_service_duration": [
        0,
        0,
        0,
        240.0,
        240.0,
        240.0,
        240.0,
        240.0,
        240.0,
        240.0,
        240.0,
        240.0,
        240.0,
        240.0,
        240.0,
        240.0,
        240.0,
        240.0,
        240.0,
        240.0,
        240.0,
        240.0,
        240.0,
        240.0,
        240.0,
        240.0,
        240.0,
        240.0,
        240.0,
        240.0,
        240.0,
        240.0,
        240.0
    ],
    "tw_open": [
        "0001-01-02T10:00:00",
        "0001-01-02T10:00:00",
        "0001-01-02T10:00:00",
        "0001-01-02T10:00:00",
        "0001-01-02T10:00:00",
        "0001-01-02T10:00:00",
        "0001-01-02T10:00:00",
        "0001-01-02T10:00:00",
        "0001-01-02T10:00:00",
        "0001-01-02T10:00:00",
        "0001-01-02T10:00:00",
        "0001-01-02T10:00:00",
        "0001-01-02T10:00:00",
        "0001-01-02T10:00:00",
        "0001-01-02T10:00:00",
        "0001-01-02T10:00:00",
        "0001-01-02T10:00:00",
        "0001-01-02T10:00:00",
        "0001-01-02T10:00:00",
        "0001-01-02T10:00:00",
        "0001-01-02T10:00:00",
        "0001-01-02T10:00:00",
        "0001-01-02T10:00:00",
        "0001-01-02T10:00:00",
        "0001-01-02T10:00:00",
        "0001-01-02T10:00:00",
        "0001-01-02T10:00:00",
        "0001-01-02T10:00:00",
        "0001-01-02T10:00:00",
        "0001-01-02T10:00:00",
        "0001-01-02T10:00:00",
        "0001-01-02T10:00:00",
        "0001-01-02T10:00:00"
    ],
    "tw_close": [
        "0001-01-02T18:00:00",
        "0001-01-02T18:00:00",
        "0001-01-02T18:00:00",
        "0001-01-02T18:00:00",
        "0001-01-02T18:00:00",
        "0001-01-02T18:00:00",
        "0001-01-02T18:00:00",
        "0001-01-02T18:00:00",
        "0001-01-02T18:00:00",
        "0001-01-02T18:00:00",
        "0001-01-02T18:00:00",
        "0001-01-02T18:00:00",
        "0001-01-02T18:00:00",
        "0001-01-02T18:00:00",
        "0001-01-02T18:00:00",
        "0001-01-02T18:00:00",
        "0001-01-02T18:00:00",
        "0001-01-02T18:00:00",
        "0001-01-02T18:00:00",
        "0001-01-02T18:00:00",
        "0001-01-02T18:00:00",
        "0001-01-02T18:00:00",
        "0001-01-02T18:00:00",
        "0001-01-02T18:00:00",
        "0001-01-02T18:00:00",
        "0001-01-02T18:00:00",
        "0001-01-02T18:00:00",
        "0001-01-02T18:00:00",
        "0001-01-02T18:00:00",
        "0001-01-02T18:00:00",
        "0001-01-02T18:00:00",
        "0001-01-02T18:00:00",
        "0001-01-02T18:00:00"
    ],
    "_travel_duration_matrix": [
        [
            0.0,
            1455.0,
            1455.0,
            751.0,
            277.0,
            1043.0,
            1063.0,
            2207.0,
            516.0,
            547.0,
            322.0,
            763.0,
            1507.0,
            603.0,
            207.0,
            954.0,
            576.0,
            2209.0,
            684.0,
            1631.0,
            915.0,
            705.0,
            1548.0,
            117.0,
            1479.0,
            1081.0,
            1276.0,
            622.0,
            1618.0,
            1631.0,
            2284.0,
            1357.0,
            1464.0
        ],
        [
            1455.0,
            0.0,
            1455.0,
            1565.0,
            1475.0,
            717.0,
            1097.0,
            2182.0,
            1276.0,
            2001.0,
            1457.0,
            1820.0,
            2276.0,
            1589.0,
            1479.0,
            502.0,
            924.0,
            1601.0,
            1488.0,
            2171.0,
            2097.0,
            2138.0,
            693.0,
            1572.0,
            1587.0,
            2156.0,
            2328.0,
            1984.0,
            1518.0,
            176.0,
            1885.0,
            836.0,
            2565.0
        ],
        [
            1455.0,
            1455.0,
            0.0,
            828.0,
            1698.0,
            1753.0,
            464.0,
            811.0,
            1769.0,
            1817.0,
            1726.0,
            1076.0,
            1024.0,
            993.0,
            1642.0,
            1262.0,
            1446.0,
            865.0,
            841.0,
            797.0,
            1320.0,
            1749.0,
            872.0,
            1524.0,
            2608.0,
            1230.0,
            1309.0,
            2043.0,
            166.0,
            1551.0,
            842.0,
            631.0,
            1525.0
        ],
        [
            751.0,
            1565.0,
            828.0,
            0.0,
            1025.0,
            1491.0,
            625.0,
            1491.0,
            1205.0,
            1001.0,
            1067.0,
            290.0,
            816.0,
            173.0,
            957.0,
            1138.0,
            1033.0,
            1678.0,
            89.0,
            887.0,
            576.0,
            922.0,
            1308.0,
            780.0,
            2159.0,
            593.0,
            764.0,
            1262.0,
            991.0,
            1722.0,
            1665.0,
            1041.0,
            1000.0
        ],
        [
            277.0,
            1475.0,
            1698.0,
            1025.0,
            0.0,
            941.0,
            1280.0,
            2466.0,
            305.0,
            602.0,
            52.0,
            1032.0,
            1780.0,
            879.0,
            71.0,
            993.0,
            552.0,
            2413.0,
            956.0,
            1907.0,
            1159.0,
            836.0,
            1684.0,
            295.0,
            1230.0,
            1337.0,
            1530.0,
            509.0,
            1857.0,
            1648.0,
            2513.0,
            1525.0,
            1706.0
        ],
        [
            1043.0,
            717.0,
            1753.0,
            1491.0,
            941.0,
            0.0,
            1299.0,
            2557.0,
            666.0,
            1536.0,
            905.0,
            1662.0,
            2299.0,
            1435.0,
            973.0,
            502.0,
            486.0,
            2166.0,
            1402.0,
            2298.0,
            1892.0,
            1741.0,
            1259.0,
            1143.0,
            918.0,
            2014.0,
            2208.0,
            1420.0,
            1869.0,
            855.0,
            2390.0,
            1263.0,
            2426.0
        ],
        [
            1063.0,
            1097.0,
            464.0,
            625.0,
            1280.0,
            1299.0,
            0.0,
            1275.0,
            1319.0,
            1500.0,
            1302.0,
            915.0,
            1191.0,
            744.0,
            1231.0,
            819.0,
            984.0,
            1148.0,
            589.0,
            1076.0,
            1199.0,
            1494.0,
            693.0,
            1149.0,
            2145.0,
            1184.0,
            1322.0,
            1677.0,
            603.0,
            1225.0,
            1235.0,
            419.0,
            1560.0
        ],
        [
            2207.0,
            2182.0,
            811.0,
            1491.0,
            2466.0,
            2557.0,
            1275.0,
            0.0,
            2566.0,
            2480.0,
            2499.0,
            1655.0,
            1193.0,
            1663.0,
            2405.0,
            2060.0,
            2255.0,
            893.0,
            1537.0,
            864.0,
            1813.0,
            2349.0,
            1515.0,
            2258.0,
            3419.0,
            1650.0,
            1632.0,
            2753.0,
            689.0,
            2245.0,
            568.0,
            1352.0,
            1774.0
        ],
        [
            516.0,
            1276.0,
            1769.0,
            1205.0,
            305.0,
            666.0,
            1319.0,
            2566.0,
            0.0,
            904.0,
            259.0,
            1269.0,
            1999.0,
            1083.0,
            360.0,
            835.0,
            397.0,
            2404.0,
            1125.0,
            2090.0,
            1430.0,
            1141.0,
            1598.0,
            577.0,
            967.0,
            1595.0,
            1791.0,
            755.0,
            1919.0,
            1441.0,
            2546.0,
            1486.0,
            1980.0
        ],
        [
            547.0,
            2001.0,
            1817.0,
            1001.0,
            602.0,
            1536.0,
            1500.0,
            2480.0,
            904.0,
            0.0,
            646.0,
            839.0,
            1542.0,
            830.0,
            563.0,
            1500.0,
            1103.0,
            2637.0,
            977.0,
            1761.0,
            806.0,
            279.0,
            2063.0,
            430.0,
            1749.0,
            1013.0,
            1175.0,
            348.0,
            1982.0,
            2176.0,
            2658.0,
            1848.0,
            1289.0
        ],
        [
            322.0,
            1457.0,
            1726.0,
            1067.0,
            52.0,
            905.0,
            1302.0,
            2499.0,
            259.0,
            646.0,
            0.0,
            1081.0,
            1828.0,
            924.0,
            121.0,
            980.0,
            535.0,
            2430.0,
            996.0,
            1951.0,
            1210.0,
            884.0,
            1687.0,
            346.0,
            1178.0,
            1388.0,
            1581.0,
            530.0,
            1884.0,
            1628.0,
            2536.0,
            1535.0,
            1757.0
        ],
        [
            763.0,
            1820.0,
            1076.0,
            290.0,
            1032.0,
            1662.0,
            915.0,
            1655.0,
            1269.0,
            839.0,
            1081.0,
            0.0,
            752.0,
            235.0,
            962.0,
            1366.0,
            1183.0,
            1938.0,
            343.0,
            928.0,
            289.0,
            697.0,
            1596.0,
            748.0,
            2236.0,
            353.0,
            546.0,
            1148.0,
            1232.0,
            1981.0,
            1895.0,
            1330.0,
            768.0
        ],
        [
            1507.0,
            2276.0,
            1024.0,
            816.0,
            1780.0,
            2299.0,
            1191.0,
            1193.0,
            1999.0,
            1542.0,
            1828.0,
            752.0,
            0.0,
            917.0,
            1709.0,
            1909.0,
            1848.0,
            1799.0,
            904.0,
            330.0,
            749.0,
            1332.0,
            1838.0,
            1499.0,
            2963.0,
            545.0,
            458.0,
            1874.0,
            1112.0,
            2412.0,
            1621.0,
            1565.0,
            583.0
        ],
        [
            603.0,
            1589.0,
            993.0,
            173.0,
            879.0,
            1435.0,
            744.0,
            1663.0,
            1083.0,
            830.0,
            924.0,
            235.0,
            917.0,
            0.0,
            809.0,
            1132.0,
            960.0,
            1834.0,
            160.0,
            1030.0,
            509.0,
            764.0,
            1404.0,
            619.0,
            2047.0,
            586.0,
            776.0,
            1091.0,
            1157.0,
            1753.0,
            1833.0,
            1147.0,
            1001.0
        ],
        [
            207.0,
            1479.0,
            1642.0,
            957.0,
            71.0,
            973.0,
            1231.0,
            2405.0,
            360.0,
            563.0,
            121.0,
            962.0,
            1709.0,
            809.0,
            0.0,
            989.0,
            559.0,
            2369.0,
            889.0,
            1838.0,
            1090.0,
            785.0,
            1658.0,
            226.0,
            1298.0,
            1267.0,
            1460.0,
            514.0,
            1802.0,
            1652.0,
            2462.0,
            1490.0,
            1637.0
        ],
        [
            954.0,
            502.0,
            1262.0,
            1138.0,
            993.0,
            502.0,
            819.0,
            2060.0,
            835.0,
            1500.0,
            980.0,
            1366.0,
            1909.0,
            1132.0,
            989.0,
            0.0,
            449.0,
            1681.0,
            1053.0,
            1862.0,
            1632.0,
            1637.0,
            798.0,
            1071.0,
            1406.0,
            1713.0,
            1896.0,
            1500.0,
            1372.0,
            677.0,
            1892.0,
            766.0,
            2128.0
        ],
        [
            576.0,
            924.0,
            1446.0,
            1033.0,
            552.0,
            486.0,
            984.0,
            2255.0,
            397.0,
            1103.0,
            535.0,
            1183.0,
            1848.0,
            960.0,
            559.0,
            449.0,
            0.0,
            2024.0,
            945.0,
            1880.0,
            1407.0,
            1280.0,
            1203.0,
            686.0,
            1173.0,
            1534.0,
            1728.0,
            1061.0,
            1586.0,
            1096.0,
            2185.0,
            1100.0,
            1943.0
        ],
        [
            2209.0,
            1601.0,
            865.0,
            1678.0,
            2413.0,
            2166.0,
            1148.0,
            893.0,
            2404.0,
            2637.0,
            2430.0,
            1938.0,
            1799.0,
            1834.0,
            2369.0,
            1681.0,
            2024.0,
            0.0,
            1676.0,
            1502.0,
            2184.0,
            2597.0,
            921.0,
            2297.0,
            3082.0,
            2088.0,
            2149.0,
            2824.0,
            721.0,
            1604.0,
            358.0,
            927.0,
            2350.0
        ],
        [
            684.0,
            1488.0,
            841.0,
            89.0,
            956.0,
            1402.0,
            589.0,
            1537.0,
            1125.0,
            977.0,
            996.0,
            343.0,
            904.0,
            160.0,
            889.0,
            1053.0,
            945.0,
            1676.0,
            0.0,
            965.0,
            632.0,
            923.0,
            1259.0,
            723.0,
            2075.0,
            668.0,
            844.0,
            1220.0,
            1006.0,
            1647.0,
            1682.0,
            997.0,
            1079.0
        ],
        [
            1631.0,
            2171.0,
            797.0,
            887.0,
            1907.0,
            2298.0,
            1076.0,
            864.0,
            2090.0,
            1761.0,
            1951.0,
            928.0,
            330.0,
            1030.0,
            1838.0,
            1862.0,
            1880.0,
            1502.0,
            965.0,
            0.0,
            1007.0,
            1580.0,
            1658.0,
            1646.0,
            3035.0,
            820.0,
            774.0,
            2075.0,
            850.0,
            2291.0,
            1301.0,
            1398.0,
            913.0
        ],
        [
            915.0,
            2097.0,
            1320.0,
            576.0,
            1159.0,
            1892.0,
            1199.0,
            1813.0,
            1430.0,
            806.0,
            1210.0,
            289.0,
            749.0,
            509.0,
            1090.0,
            1632.0,
            1407.0,
            2184.0,
            632.0,
            1007.0,
            0.0,
            583.0,
            1884.0,
            865.0,
            2387.0,
            208.0,
            380.0,
            1147.0,
            1468.0,
            2261.0,
            2112.0,
            1616.0,
            550.0
        ],
        [
            705.0,
            2138.0,
            1749.0,
            922.0,
            836.0,
            1741.0,
            1494.0,
            2349.0,
            1141.0,
            279.0,
            884.0,
            697.0,
            1332.0,
            764.0,
            785.0,
            1637.0,
            1280.0,
            2597.0,
            923.0,
            1580.0,
            583.0,
            0.0,
            2112.0,
            598.0,
            2020.0,
            789.0,
            932.0,
            618.0,
            1911.0,
            2312.0,
            2581.0,
            1875.0,
            1024.0
        ],
        [
            1548.0,
            693.0,
            872.0,
            1308.0,
            1684.0,
            1259.0,
            693.0,
            1515.0,
            1598.0,
            2063.0,
            1687.0,
            1596.0,
            1838.0,
            1404.0,
            1658.0,
            798.0,
            1203.0,
            921.0,
            1259.0,
            1658.0,
            1884.0,
            2112.0,
            0.0,
            1656.0,
            2176.0,
            1876.0,
            2012.0,
            2160.0,
            888.0,
            732.0,
            1193.0,
            278.0,
            2248.0
        ],
        [
            117.0,
            1572.0,
            1524.0,
            780.0,
            295.0,
            1143.0,
            1149.0,
            2258.0,
            577.0,
            430.0,
            346.0,
            748.0,
            1499.0,
            619.0,
            226.0,
            1071.0,
            686.0,
            2297.0,
            723.0,
            1646.0,
            865.0,
            598.0,
            1656.0,
            0.0,
            1524.0,
            1044.0,
            1236.0,
            528.0,
            1688.0,
            1747.0,
            2359.0,
            1459.0,
            1412.0
        ],
        [
            1479.0,
            1587.0,
            2608.0,
            2159.0,
            1230.0,
            918.0,
            2145.0,
            3419.0,
            967.0,
            1749.0,
            1178.0,
            2236.0,
            2963.0,
            2047.0,
            1298.0,
            1406.0,
            1173.0,
            3082.0,
            2075.0,
            3035.0,
            2387.0,
            2020.0,
            2176.0,
            1524.0,
            0.0,
            2559.0,
            2754.0,
            1469.0,
            2739.0,
            1686.0,
            3296.0,
            2171.0,
            2935.0
        ],
        [
            1081.0,
            2156.0,
            1230.0,
            593.0,
            1337.0,
            2014.0,
            1184.0,
            1650.0,
            1595.0,
            1013.0,
            1388.0,
            353.0,
            545.0,
            586.0,
            1267.0,
            1713.0,
            1534.0,
            2088.0,
            668.0,
            820.0,
            208.0,
            789.0,
            1876.0,
            1044.0,
            2559.0,
            0.0,
            197.0,
            1353.0,
            1368.0,
            2314.0,
            1986.0,
            1602.0,
            416.0
        ],
        [
            1276.0,
            2328.0,
            1309.0,
            764.0,
            1530.0,
            2208.0,
            1322.0,
            1632.0,
            1791.0,
            1175.0,
            1581.0,
            546.0,
            458.0,
            776.0,
            1460.0,
            1896.0,
            1728.0,
            2149.0,
            844.0,
            774.0,
            380.0,
            932.0,
            2012.0,
            1236.0,
            2754.0,
            197.0,
            0.0,
            1520.0,
            1432.0,
            2483.0,
            2015.0,
            1736.0,
            239.0
        ],
        [
            622.0,
            1984.0,
            2043.0,
            1262.0,
            509.0,
            1420.0,
            1677.0,
            2753.0,
            755.0,
            348.0,
            530.0,
            1148.0,
            1874.0,
            1091.0,
            514.0,
            1500.0,
            1061.0,
            2824.0,
            1220.0,
            2075.0,
            1147.0,
            618.0,
            2160.0,
            528.0,
            1469.0,
            1353.0,
            1520.0,
            0.0,
            2208.0,
            2156.0,
            2882.0,
            1977.0,
            1636.0
        ],
        [
            1618.0,
            1518.0,
            166.0,
            991.0,
            1857.0,
            1869.0,
            603.0,
            689.0,
            1919.0,
            1982.0,
            1884.0,
            1232.0,
            1112.0,
            1157.0,
            1802.0,
            1372.0,
            1586.0,
            721.0,
            1006.0,
            850.0,
            1468.0,
            1911.0,
            888.0,
            1688.0,
            2739.0,
            1368.0,
            1432.0,
            2208.0,
            0.0,
            1598.0,
            677.0,
            682.0,
            1640.0
        ],
        [
            1631.0,
            176.0,
            1551.0,
            1722.0,
            1648.0,
            855.0,
            1225.0,
            2245.0,
            1441.0,
            2176.0,
            1628.0,
            1981.0,
            2412.0,
            1753.0,
            1652.0,
            677.0,
            1096.0,
            1604.0,
            1647.0,
            2291.0,
            2261.0,
            2312.0,
            732.0,
            1747.0,
            1686.0,
            2314.0,
            2483.0,
            2156.0,
            1598.0,
            0.0,
            1908.0,
            921.0,
            2721.0
        ],
        [
            2284.0,
            1885.0,
            842.0,
            1665.0,
            2513.0,
            2390.0,
            1235.0,
            568.0,
            2546.0,
            2658.0,
            2536.0,
            1895.0,
            1621.0,
            1833.0,
            2462.0,
            1892.0,
            2185.0,
            358.0,
            1682.0,
            1301.0,
            2112.0,
            2581.0,
            1193.0,
            2359.0,
            3296.0,
            1986.0,
            2015.0,
            2882.0,
            677.0,
            1908.0,
            0.0,
            1127.0,
            2195.0
        ],
        [
            1357.0,
            836.0,
            631.0,
            1041.0,
            1525.0,
            1263.0,
            419.0,
            1352.0,
            1486.0,
            1848.0,
            1535.0,
            1330.0,
            1565.0,
            1147.0,
            1490.0,
            766.0,
            1100.0,
            927.0,
            997.0,
            1398.0,
            1616.0,
            1875.0,
            278.0,
            1459.0,
            2171.0,
            1602.0,
            1736.0,
            1977.0,
            682.0,
            921.0,
            1127.0,
            0.0,
            1971.0
        ],
        [
            1464.0,
            2565.0,
            1525.0,
            1000.0,
            1706.0,
            2426.0,
            1560.0,
            1774.0,
            1980.0,
            1289.0,
            1757.0,
            768.0,
            583.0,
            1001.0,
            1637.0,
            2128.0,
            1943.0,
            2350.0,
            1079.0,
            913.0,
            550.0,
            1024.0,
            2248.0,
            1412.0,
            2935.0,
            416.0,
            239.0,
            1636.0,
            1640.0,
            2721.0,
            2195.0,
            1971.0,
            0.0
        ]
    ],
    "_travel_distance_matrix": [
        [
            0,
            13,
            13,
            7,
            3,
            9,
            9,
            19,
            5,
            5,
            3,
            7,
            13,
            6,
            2,
            8,
            5,
            19,
            6,
            14,
            8,
            6,
            13,
            1,
            13,
            10,
            11,
            6,
            14,
            14,
            20,
            12,
            13
        ],
        [
            13,
            0,
            13,
            14,
            13,
            6,
            10,
            19,
            11,
            17,
            13,
            16,
            19,
            14,
            13,
            5,
            8,
            14,
            13,
            19,
            18,
            18,
            6,
            14,
            14,
            18,
            20,
            17,
            13,
            2,
            16,
            7,
            22
        ],
        [
            13,
            13,
            0,
            7,
            15,
            15,
            4,
            7,
            15,
            16,
            15,
            9,
            9,
            9,
            14,
            11,
            13,
            8,
            8,
            7,
            11,
            15,
            8,
            13,
            22,
            11,
            11,
            18,
            2,
            13,
            8,
            6,
            13
        ],
        [
            7,
            14,
            7,
            0,
            9,
            13,
            6,
            13,
            11,
            9,
            9,
            3,
            7,
            2,
            8,
            10,
            9,
            14,
            1,
            8,
            5,
            8,
            11,
            7,
            18,
            5,
            7,
            11,
            9,
            15,
            14,
            9,
            9
        ],
        [
            3,
            13,
            15,
            9,
            0,
            8,
            11,
            21,
            3,
            6,
            1,
            9,
            15,
            8,
            1,
            9,
            5,
            21,
            8,
            16,
            10,
            7,
            15,
            3,
            11,
            12,
            13,
            5,
            16,
            14,
            21,
            13,
            15
        ],
        [
            9,
            6,
            15,
            13,
            8,
            0,
            11,
            22,
            6,
            13,
            8,
            14,
            20,
            12,
            9,
            5,
            5,
            19,
            12,
            20,
            16,
            15,
            11,
            10,
            8,
            17,
            19,
            12,
            16,
            8,
            20,
            11,
            21
        ],
        [
            9,
            10,
            4,
            6,
            11,
            11,
            0,
            11,
            11,
            13,
            11,
            8,
            10,
            7,
            11,
            7,
            9,
            10,
            5,
            9,
            10,
            13,
            6,
            10,
            18,
            10,
            12,
            14,
            6,
            11,
            11,
            4,
            13
        ],
        [
            19,
            19,
            7,
            13,
            21,
            22,
            11,
            0,
            22,
            21,
            21,
            14,
            10,
            14,
            21,
            18,
            19,
            8,
            13,
            8,
            16,
            20,
            13,
            19,
            29,
            14,
            14,
            23,
            6,
            19,
            5,
            12,
            15
        ],
        [
            5,
            11,
            15,
            11,
            3,
            6,
            11,
            22,
            0,
            8,
            3,
            11,
            17,
            10,
            3,
            7,
            4,
            21,
            10,
            18,
            12,
            10,
            14,
            5,
            9,
            14,
            15,
            7,
            16,
            13,
            22,
            13,
            17
        ],
        [
            5,
            17,
            16,
            9,
            6,
            13,
            13,
            21,
            8,
            0,
            6,
            7,
            13,
            7,
            5,
            13,
            10,
            22,
            9,
            15,
            7,
            3,
            18,
            4,
            15,
            9,
            10,
            3,
            17,
            19,
            23,
            16,
            11
        ],
        [
            3,
            13,
            15,
            9,
            1,
            8,
            11,
            21,
            3,
            6,
            0,
            10,
            16,
            8,
            2,
            9,
            5,
            21,
            9,
            17,
            11,
            8,
            15,
            3,
            10,
            12,
            14,
            5,
            16,
            14,
            22,
            13,
            15
        ],
        [
            7,
            16,
            9,
            3,
            9,
            14,
            8,
            14,
            11,
            7,
            10,
            0,
            7,
            2,
            9,
            12,
            10,
            17,
            3,
            8,
            3,
            6,
            14,
            7,
            19,
            3,
            5,
            10,
            11,
            17,
            16,
            12,
            7
        ],
        [
            13,
            19,
            9,
            7,
            15,
            20,
            10,
            10,
            17,
            13,
            16,
            7,
            0,
            8,
            15,
            16,
            16,
            15,
            8,
            3,
            7,
            12,
            16,
            13,
            25,
            5,
            4,
            16,
            10,
            21,
            14,
            14,
            5
        ],
        [
            6,
            14,
            9,
            2,
            8,
            12,
            7,
            14,
            10,
            7,
            8,
            2,
            8,
            0,
            7,
            10,
            8,
            16,
            2,
            9,
            5,
            7,
            12,
            6,
            18,
            5,
            7,
            10,
            10,
            15,
            16,
            10,
            9
        ],
        [
            2,
            13,
            14,
            8,
            1,
            9,
            11,
            21,
            3,
            5,
            2,
            9,
            15,
            7,
            0,
            9,
            5,
            20,
            8,
            16,
            10,
            7,
            14,
            2,
            11,
            11,
            13,
            5,
            16,
            14,
            21,
            13,
            14
        ],
        [
            8,
            5,
            11,
            10,
            9,
            5,
            7,
            18,
            7,
            13,
            9,
            12,
            16,
            10,
            9,
            0,
            4,
            15,
            9,
            16,
            14,
            14,
            7,
            9,
            12,
            15,
            16,
            13,
            12,
            6,
            16,
            7,
            18
        ],
        [
            5,
            8,
            13,
            9,
            5,
            5,
            9,
            19,
            4,
            10,
            5,
            10,
            16,
            8,
            5,
            4,
            0,
            17,
            8,
            16,
            12,
            11,
            11,
            6,
            10,
            13,
            15,
            9,
            14,
            10,
            19,
            10,
            17
        ],
        [
            19,
            14,
            8,
            14,
            21,
            19,
            10,
            8,
            21,
            22,
            21,
            17,
            15,
            16,
            20,
            15,
            17,
            0,
            14,
            13,
            19,
            22,
            8,
            20,
            26,
            18,
            18,
            24,
            7,
            14,
            3,
            8,
            20
        ],
        [
            6,
            13,
            8,
            1,
            8,
            12,
            5,
            13,
            10,
            9,
            9,
            3,
            8,
            2,
            8,
            9,
            8,
            14,
            0,
            9,
            6,
            8,
            11,
            7,
            18,
            6,
            8,
            11,
            9,
            14,
            15,
            9,
            9
        ],
        [
            14,
            19,
            7,
            8,
            16,
            20,
            9,
            8,
            18,
            15,
            17,
            8,
            3,
            9,
            16,
            16,
            16,
            13,
            9,
            0,
            9,
            14,
            14,
            14,
            26,
