{
    "_id_": "t=euclidean+d=7+c=3+n=10+v=3+o=100+r=17",
    "meta": {
        "t": "euclidean",
        "d": 7,
        "c": 3,
        "n": 10,
        "v": 3,
        "o": 100,
        "r": 17
    },
    "num_carriers": 3,
    "max_vehicle_load": 999999999,
    "max_tour_distance": 999999999,
    "max_tour_duration": 999999999,
    "carriers_max_num_tours": 3,
    "requests": [
        0,
        1,
        2,
        3,
        4,
        5,
        6,
        7,
        8,
        9,
        10,
        11,
        12,
        13,
        14,
        15,
        16,
        17,
        18,
        19,
        20,
        21,
        22,
        23,
        24,
        25,
        26,
        27,
        28,
        29
    ],
    "num_requests": 30,
    "num_requests_per_carrier": 10,
    "vertex_x_coords": [
        19.5,
        9.000000000000002,
        8.999999999999996,
        24.378781704716413,
        9.021227045657474,
        14.953075888975947,
        20.569466971360928,
        14.359906052559246,
        18.79262616008858,
        5.291342176834449,
        5.685174493249723,
        19.57651301722871,
        2.6584866579149242,
        22.582556920826896,
        6.7824369529515485,
        14.778676871520549,
        4.118033365138313,
        23.509289967437578,
        18.871828423594746,
        1.1673149368039897,
        16.613372612298217,
        6.881552959070264,
        7.300023883535775,
        5.8605526623096456,
        3.237979031458554,
        9.182877811553421,
        3.5396364495922343,
        8.28972328362231,
        12.161978134611214,
        23.10636615819144,
        21.77522719429586,
        7.67806616655721,
        20.685007026127074
    ],
    "vertex_y_coords": [
        12.5,
        18.562177826491073,
        6.4378221735089305,
        12.805132917362444,
        14.405760854921915,
        5.948575914267559,
        21.82621389350571,
        15.175491031573024,
        17.25346091396523,
        15.51275828293885,
        12.54775978491455,
        6.002453019294979,
        16.31812582931282,
        18.514067728466486,
        8.62834295962071,
        18.53607366072783,
        22.49075175814601,
        1.5848635765666974,
        24.001996514035707,
        18.842352902153834,
        9.72583085385752,
        18.887788610424067,
        9.462571356594573,
        6.955289462714434,
        16.341614440837876,
        24.72190744585065,
        3.99802891538501,
        13.956590759569881,
        5.778174762232865,
        20.38527753619547,
        7.185454239856168,
        16.530193892667665,
        19.304040518278637
    ],
    "request_to_carrier_assignment": [
        0,
        0,
        0,
        0,
        0,
        0,
        0,
        0,
        0,
        0,
        1,
        1,
        1,
        1,
        1,
        1,
        1,
        1,
        1,
        1,
        2,
        2,
        2,
        2,
        2,
        2,
        2,
        2,
        2,
        2
    ],
    "request_disclosure_time": [
        "0001-01-01T00:00:00",
        "0001-01-01T03:24:00",
        "0001-01-01T06:48:00",
        "0001-01-01T10:12:00",
        "0001-01-01T13:36:00",
        "0001-01-01T17:00:00",
        "0001-01-01T20:24:00",
        "0001-01-01T23:48:00",
        "0001-01-02T03:12:00",
        "0001-01-02T06:36:00",
        "0001-01-01T00:00:00",
        "0001-01-01T03:24:00",
        "0001-01-01T06:48:00",
        "0001-01-01T10:12:00",
        "0001-01-01T13:36:00",
        "0001-01-01T17:00:00",
        "0001-01-01T20:24:00",
        "0001-01-01T23:48:00",
        "0001-01-02T03:12:00",
        "0001-01-02T06:36:00",
        "0001-01-01T00:00:00",
        "0001-01-01T03:24:00",
        "0001-01-01T06:48:00",
        "0001-01-01T10:12:00",
        "0001-01-01T13:36:00",
        "0001-01-01T17:00:00",
        "0001-01-01T20:24:00",
        "0001-01-01T23:48:00",
        "0001-01-02T03:12:00",
        "0001-01-02T06:36:00"
    ],
    "vertex_revenue": [
        0,
        0,
        0,
        1,
        1,
        1,
        1,
        1,
        1,
        1,
        1,
        1,
        1,
        1,
        1,
        1,
        1,
        1,
        1,
        1,
        1,
        1,
        1,
        1,
        1,
        1,
        1,
        1,
        1,
        1,
        1,
        1,
        1
    ],
    "vertex_load": [
        0,
        0,
        0,
        1,
        1,
        1,
        1,
        1,
        1,
        1,
        1,
        1,
        1,
        1,
        1,
        1,
        1,
        1,
        1,
        1,
        1,
        1,
        1,
        1,
        1,
        1,
        1,
        1,
        1,
        1,
        1,
        1,
        1
    ],
    "vertex_service_duration": [
        0,
        0,
        0,
        240.0,
        240.0,
        240.0,
        240.0,
        240.0,
        240.0,
        240.0,
        240.0,
        240.0,
        240.0,
        240.0,
        240.0,
        240.0,
        240.0,
        240.0,
        240.0,
        240.0,
        240.0,
        240.0,
        240.0,
        240.0,
        240.0,
        240.0,
        240.0,
        240.0,
        240.0,
        240.0,
        240.0,
        240.0,
        240.0
    ],
    "tw_open": [
        "0001-01-02T10:00:00",
        "0001-01-02T10:00:00",
        "0001-01-02T10:00:00",
        "0001-01-02T10:00:00",
        "0001-01-02T10:00:00",
        "0001-01-02T10:00:00",
        "0001-01-02T10:00:00",
        "0001-01-02T10:00:00",
        "0001-01-02T10:00:00",
        "0001-01-02T10:00:00",
        "0001-01-02T10:00:00",
        "0001-01-02T10:00:00",
        "0001-01-02T10:00:00",
        "0001-01-02T10:00:00",
        "0001-01-02T10:00:00",
        "0001-01-02T10:00:00",
        "0001-01-02T10:00:00",
        "0001-01-02T10:00:00",
        "0001-01-02T10:00:00",
        "0001-01-02T10:00:00",
        "0001-01-02T10:00:00",
        "0001-01-02T10:00:00",
        "0001-01-02T10:00:00",
        "0001-01-02T10:00:00",
        "0001-01-02T10:00:00",
        "0001-01-02T10:00:00",
        "0001-01-02T10:00:00",
        "0001-01-02T10:00:00",
        "0001-01-02T10:00:00",
        "0001-01-02T10:00:00",
        "0001-01-02T10:00:00",
        "0001-01-02T10:00:00",
        "0001-01-02T10:00:00"
    ],
    "tw_close": [
        "0001-01-02T18:00:00",
        "0001-01-02T18:00:00",
        "0001-01-02T18:00:00",
        "0001-01-02T18:00:00",
        "0001-01-02T18:00:00",
        "0001-01-02T18:00:00",
        "0001-01-02T18:00:00",
        "0001-01-02T18:00:00",
        "0001-01-02T18:00:00",
        "0001-01-02T18:00:00",
        "0001-01-02T18:00:00",
        "0001-01-02T18:00:00",
        "0001-01-02T18:00:00",
        "0001-01-02T18:00:00",
        "0001-01-02T18:00:00",
        "0001-01-02T18:00:00",
        "0001-01-02T18:00:00",
        "0001-01-02T18:00:00",
        "0001-01-02T18:00:00",
        "0001-01-02T18:00:00",
        "0001-01-02T18:00:00",
        "0001-01-02T18:00:00",
        "0001-01-02T18:00:00",
        "0001-01-02T18:00:00",
        "0001-01-02T18:00:00",
        "0001-01-02T18:00:00",
        "0001-01-02T18:00:00",
        "0001-01-02T18:00:00",
        "0001-01-02T18:00:00",
        "0001-01-02T18:00:00",
        "0001-01-02T18:00:00",
        "0001-01-02T18:00:00",
        "0001-01-02T18:00:00"
    ],
    "_travel_duration_matrix": [
        [
            0.0,
            1455.0,
            1455.0,
            587.0,
            1279.0,
            957.0,
            1127.0,
            696.0,
            577.0,
            1743.0,
            1658.0,
            780.0,
            2073.0,
            811.0,
            1596.0,
            920.0,
            2202.0,
            1396.0,
            1383.0,
            2328.0,
            481.0,
            1698.0,
            1509.0,
            1767.0,
            2006.0,
            1920.0,
            2171.0,
            1357.0,
            1195.0,
            1041.0,
            694.0,
            1499.0,
            829.0
        ],
        [
            1455.0,
            0.0,
            1455.0,
            1971.0,
            499.0,
            1674.0,
            1443.0,
            761.0,
            1186.0,
            577.0,
            825.0,
            1971.0,
            808.0,
            1630.0,
            1222.0,
            694.0,
            752.0,
            2680.0,
            1353.0,
            941.0,
            1400.0,
            258.0,
            1111.0,
            1443.0,
            742.0,
            740.0,
            1867.0,
            560.0,
            1581.0,
            1707.0,
            2053.0,
            291.0,
            1406.0
        ],
        [
            1455.0,
            1455.0,
            0.0,
            1998.0,
            957.0,
            717.0,
            2311.0,
            1231.0,
            1751.0,
            1177.0,
            835.0,
            1271.0,
            1409.0,
            2181.0,
            375.0,
            1609.0,
            2014.0,
            1836.0,
            2418.0,
            1761.0,
            996.0,
            1516.0,
            417.0,
            382.0,
            1375.0,
            2195.0,
            718.0,
            907.0,
            388.0,
            2381.0,
            1536.0,
            1222.0,
            2086.0
        ],
        [
            587.0,
            1971.0,
            1998.0,
            0.0,
            1853.0,
            1399.0,
            1176.0,
            1236.0,
            857.0,
            2314.0,
            2244.0,
            1000.0,
            2641.0,
            719.0,
            2171.0,
            1342.0,
            2695.0,
            1351.0,
            1498.0,
            2879.0,
            1003.0,
            2223.0,
            2089.0,
            2331.0,
            2573.0,
            2318.0,
            2715.0,
            1936.0,
            1692.0,
            923.0,
            744.0,
            2054.0,
            898.0
        ],
        [
            1279.0,
            499.0,
            957.0,
            1853.0,
            0.0,
            1240.0,
            1648.0,
            648.0,
            1222.0,
            467.0,
            459.0,
            1620.0,
            798.0,
            1701.0,
            744.0,
            851.0,
            1135.0,
            2322.0,
            1651.0,
            1083.0,
            1071.0,
            596.0,
            629.0,
            972.0,
            732.0,
            1239.0,
            1412.0,
            104.0,
            1102.0,
            1837.0,
            1759.0,
            302.0,
            1519.0
        ],
        [
            957.0,
            1674.0,
            717.0,
            1399.0,
            1240.0,
            0.0,
            2022.0,
            1110.0,
            1433.0,
            1632.0,
            1366.0,
            555.0,
            1931.0,
            1765.0,
            1032.0,
            1511.0,
            2373.0,
            1153.0,
            2217.0,
            2266.0,
            496.0,
            1831.0,
            1011.0,
            1098.0,
            1880.0,
            2357.0,
            1390.0,
            1251.0,
            336.0,
            1990.0,
            833.0,
            1541.0,
            1745.0
        ],
        [
            1127.0,
            1443.0,
            2311.0,
            1176.0,
            1648.0,
            2022.0,
            0.0,
            1092.0,
            589.0,
            1984.0,
            2105.0,
            1903.0,
            2249.0,
            466.0,
            2291.0,
            800.0,
            1976.0,
            2455.0,
            332.0,
            2356.0,
            1528.0,
            1680.0,
            2177.0,
            2510.0,
            2182.0,
            1410.0,
            2959.0,
            1751.0,
            2175.0,
            351.0,
            1763.0,
            1673.0,
            303.0
        ],
        [
            696.0,
            761.0,
            1231.0,
            1236.0,
            648.0,
            1110.0,
            1092.0,
            0.0,
            588.0,
            1089.0,
            1088.0,
            1267.0,
            1411.0,
            1065.0,
            1202.0,
            407.0,
            1511.0,
            1967.0,
            1190.0,
            1644.0,
            708.0,
            1002.0,
            1090.0,
            1419.0,
            1342.0,
            1304.0,
            1867.0,
            743.0,
            1159.0,
            1222.0,
            1309.0,
            819.0,
            907.0
        ],
        [
            577.0,
            1186.0,
            1751.0,
            857.0,
            1222.0,
            1433.0,
            589.0,
            588.0,
            0.0,
            1634.0,
            1672.0,
            1354.0,
            1940.0,
            480.0,
            1775.0,
            506.0,
            1870.0,
            1964.0,
            810.0,
            2124.0,
            941.0,
            1443.0,
            1667.0,
            1984.0,
            1870.0,
            1461.0,
            2425.0,
            1321.0,
            1591.0,
            640.0,
            1261.0,
            1337.0,
            335.0
        ],
        [
            1743.0,
            577.0,
            1177.0,
            2314.0,
            467.0,
            1632.0,
            1984.0,
            1089.0,
            1634.0,
            0.0,
            359.0,
            2060.0,
            331.0,
            2106.0,
            846.0,
            1195.0,
            850.0,
            2752.0,
            1922.0,
            637.0,
            1526.0,
            448.0,
            765.0,
            1030.0,
            266.0,
            1200.0,
            1398.0,
            406.0,
            1430.0,
            2217.0,
            2217.0,
            312.0,
            1903.0
        ],
        [
            1658.0,
            825.0,
            835.0,
            2244.0,
            459.0,
            1366.0,
            2105.0,
            1088.0,
            1672.0,
            359.0,
            0.0,
            1843.0,
            581.0,
            2151.0,
            489.0,
            1307.0,
            1208.0,
            2512.0,
            2097.0,
            930.0,
            1355.0,
            775.0,
            418.0,
            672.0,
            542.0,
            1520.0,
            1058.0,
            356.0,
            1125.0,
            2293.0,
            2036.0,
            535.0,
            1975.0
        ],
        [
            780.0,
            1971.0,
            1271.0,
            1000.0,
            1620.0,
            555.0,
            1903.0,
            1267.0,
            1354.0,
            2060.0,
            1843.0,
            0.0,
            2378.0,
            1545.0,
            1568.0,
            1611.0,
            2713.0,
            710.0,
            2162.0,
            2694.0,
            572.0,
            2171.0,
            1531.0,
            1650.0,
            2321.0,
            2570.0,
            1940.0,
            1657.0,
            891.0,
            1778.0,
            300.0,
            1907.0,
            1602.0
        ],
        [
            2073.0,
            808.0,
            1409.0,
            2641.0,
            798.0,
            1931.0,
            2249.0,
            1411.0,
            1940.0,
            331.0,
            581.0,
            2378.0,
            0.0,
            2406.0,
            1048.0,
            1479.0,
            762.0,
            3064.0,
            2154.0,
            352.0,
            1853.0,
            594.0,
            994.0,
            1188.0,
            70.0,
            1277.0,
            1483.0,
            733.0,
            1704.0,
            2502.0,
            2543.0,
            603.0,
            2193.0
        ],
        [
            811.0,
            1630.0,
            2181.0,
            719.0,
            1701.0,
            1765.0,
            466.0,
            1065.0,
            480.0,
            2106.0,
            2151.0,
            1545.0,
            2406.0,
            0.0,
            2237.0,
            937.0,
            2267.0,
            2035.0,
            795.0,
            2571.0,
            1275.0,
            1885.0,
            2132.0,
            2440.0,
            2336.0,
            1773.0,
            2874.0,
            1801.0,
            1975.0,
            234.0,
            1363.0,
            1805.0,
            247.0
        ],
        [
            1596.0,
            1222.0,
            375.0,
            2171.0,
            744.0,
            1032.0,
            2291.0,
            1202.0,
            1775.0,
            846.0,
            489.0,
            1568.0,
            1048.0,
            2237.0,
            0.0,
            1528.0,
            1694.0,
            2178.0,
            2347.0,
            1399.0,
            1188.0,
            1232.0,
            118.0,
            230.0,
            1019.0,
            1953.0,
            679.0,
            665.0,
            731.0,
            2415.0,
            1808.0,
            955.0,
            2104.0
        ],
        [
            920.0,
            694.0,
            1609.0,
            1342.0,
            851.0,
            1511.0,
            800.0,
            407.0,
            506.0,
            1195.0,
            1307.0,
            1611.0,
            1479.0,
            937.0,
            1528.0,
            0.0,
            1365.0,
            2289.0,
            820.0,
            1634.0,
            1080.0,
            949.0,
            1412.0,
            1755.0,
            1410.0,
            1001.0,
            2206.0,
            954.0,
            1563.0,
            1024.0,
            1601.0,
            886.0,
            715.0
        ],
        [
            2202.0,
            752.0,
            2014.0,
            2695.0,
            1135.0,
            2373.0,
            1976.0,
            1511.0,
            1870.0,
            850.0,
            1208.0,
            2713.0,
            762.0,
            2267.0,
            1694.0,
            1365.0,
            0.0,
            3422.0,
            1780.0,
            564.0,
            2144.0,
            545.0,
            1610.0,
            1876.0,
            746.0,
            665.0,
            2221.0,
            1140.0,
            2226.0,
            2293.0,
            2805.0,
            834.0,
            2025.0
        ],
        [
            1396.0,
            2680.0,
            1836.0,
            1351.0,
            2322.0,
            1153.0,
            2455.0,
            1967.0,
            1964.0,
            2752.0,
            2512.0,
            710.0,
            3064.0,
            2035.0,
            2178.0,
            2289.0,
            3422.0,
            0.0,
            2748.0,
            3388.0,
            1281.0,
            2880.0,
            2163.0,
            2214.0,
            3009.0,
            3266.0,
            2414.0,
            2354.0,
            1452.0,
            2257.0,
            704.0,
            2613.0,
            2154.0
        ],
        [
            1383.0,
            1353.0,
            2418.0,
            1498.0,
            1651.0,
            2217.0,
            332.0,
            1190.0,
            810.0,
            1922.0,
            2097.0,
            2162.0,
            2154.0,
            795.0,
            2347.0,
            820.0,
            1780.0,
            2748.0,
            0.0,
            2213.0,
            1735.0,
            1565.0,
            2230.0,
            2574.0,
            2090.0,
            1166.0,
            3025.0,
            1751.0,
            2331.0,
            669.0,
            2048.0,
            1616.0,
            605.0
        ],
        [
            2328.0,
            941.0,
            1761.0,
            2879.0,
            1083.0,
            2266.0,
            2356.0,
            1644.0,
            2124.0,
            637.0,
            930.0,
            2694.0,
            352.0,
            2571.0,
            1399.0,
            1634.0,
            564.0,
            3388.0,
            2213.0,
            0.0,
            2153.0,
            686.0,
            1345.0,
            1534.0,
            390.0,
            1193.0,
            1804.0,
            1037.0,
            2049.0,
            2640.0,
            2842.0,
            830.0,
            2343.0
        ],
        [
            481.0,
            1400.0,
            996.0,
            1003.0,
            1071.0,
            496.0,
            1528.0,
            708.0,
            941.0,
            1526.0,
            1355.0,
            572.0,
            1853.0,
            1275.0,
            1188.0,
            1080.0,
            2144.0,
            1281.0,
            1735.0,
            2153.0,
            0.0,
            1604.0,
            1119.0,
            1333.0,
            1791.0,
            2009.0,
            1713.0,
            1121.0,
            714.0,
            1498.0,
            691.0,
            1348.0,
            1249.0
        ],
        [
            1698.0,
            258.0,
            1516.0,
            2223.0,
            596.0,
            1831.0,
            1680.0,
            1002.0,
            1443.0,
            448.0,
            775.0,
            2171.0,
            594.0,
            1885.0,
            1232.0,
            949.0,
            545.0,
            2880.0,
            1565.0,
            686.0,
            1604.0,
            0.0,
            1133.0,
            1438.0,
            534.0,
            753.0,
            1832.0,
            616.0,
            1696.0,
            1956.0,
            2273.0,
            299.0,
            1658.0
        ],
        [
            1509.0,
            1111.0,
            417.0,
            2089.0,
            629.0,
            1011.0,
            2177.0,
            1090.0,
            1667.0,
            765.0,
            418.0,
            1531.0,
            994.0,
            2132.0,
            118.0,
            1412.0,
            1610.0,
            2163.0,
            2230.0,
            1345.0,
            1119.0,
            1133.0,
            0.0,
            347.0,
            959.0,
            1846.0,
            797.0,
            553.0,
            733.0,
            2306.0,
            1759.0,
            850.0,
            1994.0
        ],
        [
            1767.0,
            1443.0,
            382.0,
            2331.0,
            972.0,
            1098.0,
            2510.0,
            1419.0,
            1984.0,
            1030.0,
            672.0,
            1650.0,
            1188.0,
            2440.0,
            230.0,
            1755.0,
            1876.0,
            2214.0,
            2574.0,
            1534.0,
            1333.0,
            1438.0,
            347.0,
            0.0,
            1170.0,
            2169.0,
            452.0,
            890.0,
            770.0,
            2623.0,
            1910.0,
            1170.0,
            2316.0
        ],
        [
            2006.0,
            742.0,
            1375.0,
            2573.0,
            732.0,
            1880.0,
            2182.0,
            1342.0,
            1870.0,
            266.0,
            542.0,
            2321.0,
            70.0,
            2336.0,
            1019.0,
            1410.0,
            746.0,
            3009.0,
            2090.0,
            390.0,
            1791.0,
            534.0,
            959.0,
            1170.0,
            0.0,
            1233.0,
            1482.0,
            671.0,
            1660.0,
            2434.0,
            2482.0,
            534.0,
            2124.0
        ],
        [
            1920.0,
            740.0,
            2195.0,
            2318.0,
            1239.0,
            2357.0,
            1410.0,
            1304.0,
            1461.0,
            1200.0,
            1520.0,
            2570.0,
            1277.0,
            1773.0,
            1953.0,
            1001.0,
            665.0,
            3266.0,
            1166.0,
            1193.0,
            2009.0,
            753.0,
            1846.0,
            2169.0,
            1233.0,
            0.0,
            2578.0,
            1297.0,
            2302.0,
            1750.0,
            2591.0,
            1000.0,
            1526.0
        ],
        [
            2171.0,
            1867.0,
            718.0,
            2715.0,
            1412.0,
            1390.0,
            2959.0,
            1867.0,
            2425.0,
            1398.0,
            1058.0,
            1940.0,
            1483.0,
            2874.0,
            679.0,
            2206.0,
            2221.0,
            2414.0,
            3025.0,
            1804.0,
            1713.0,
            1832.0,
            797.0,
            452.0,
            1482.0,
            2578.0,
            0.0,
            1325.0,
            1057.0,
            3063.0,
            2222.0,
            1584.0,
            2759.0
        ],
        [
            1357.0,
            560.0,
            907.0,
            1936.0,
            104.0,
            1251.0,
            1751.0,
            743.0,
            1321.0,
            406.0,
            356.0,
            1657.0,
            733.0,
            1801.0,
            665.0,
            954.0,
            1140.0,
            2354.0,
            1751.0,
            1037.0,
            1121.0,
            616.0,
            553.0,
            890.0,
            671.0,
            1297.0,
            1325.0,
            0.0,
            1086.0,
            1939.0,
            1811.0,
            318.0,
            1620.0
        ],
        [
            1195.0,
            1581.0,
            388.0,
            1692.0,
            1102.0,
            336.0,
            2175.0,
            1159.0,
            1591.0,
            1430.0,
            1125.0,
            891.0,
            1704.0,
            1975.0,
            731.0,
            1563.0,
            2226.0,
            1452.0,
            2331.0,
            2049.0,
            714.0,
            1696.0,
            733.0,
            770.0,
            1660.0,
            2302.0,
            1057.0,
            1086.0,
            0.0,
            2191.0,
            1166.0,
            1398.0,
            1919.0
        ],
        [
            1041.0,
            1707.0,
            2381.0,
            923.0,
            1837.0,
            1990.0,
            351.0,
            1222.0,
            640.0,
            2217.0,
            2293.0,
            1778.0,
            2502.0,
            234.0,
            2415.0,
            1024.0,
            2293.0,
            2257.0,
            669.0,
            2640.0,
            1498.0,
            1956.0,
            2306.0,
            2623.0,
            2434.0,
            1750.0,
            3063.0,
            1939.0,
            2191.0,
            0.0,
            1593.0,
            1909.0,
            319.0
        ],
        [
            694.0,
            2053.0,
            1536.0,
            744.0,
            1759.0,
            833.0,
            1763.0,
            1309.0,
            1261.0,
            2217.0,
            2036.0,
            300.0,
            2543.0,
            1363.0,
            1808.0,
            1601.0,
            2805.0,
            704.0,
            2048.0,
            2842.0,
            691.0,
            2273.0,
            1759.0,
            1910.0,
            2482.0,
            2591.0,
            2222.0,
            1811.0,
            1166.0,
            1593.0,
            0.0,
            2030.0,
            1461.0
        ],
        [
            1499.0,
            291.0,
            1222.0,
            2054.0,
            302.0,
            1541.0,
            1673.0,
            819.0,
            1337.0,
            312.0,
            535.0,
            1907.0,
            603.0,
            1805.0,
            955.0,
            886.0,
            834.0,
            2613.0,
            1616.0,
            830.0,
            1348.0,
            299.0,
            850.0,
            1170.0,
            534.0,
            1000.0,
            1584.0,
            318.0,
            1398.0,
            1909.0,
            2030.0,
            0.0,
            1596.0
        ],
        [
            829.0,
            1406.0,
            2086.0,
            898.0,
            1519.0,
            1745.0,
            303.0,
            907.0,
            335.0,
            1903.0,
            1975.0,
            1602.0,
            2193.0,
            247.0,
            2104.0,
            715.0,
            2025.0,
            2154.0,
            605.0,
            2343.0,
            1249.0,
            1658.0,
            1994.0,
            2316.0,
            2124.0,
            1526.0,
            2759.0,
            1620.0,
            1919.0,
            319.0,
            1461.0,
            1596.0,
            0.0
        ]
    ],
    "_travel_distance_matrix": [
        [
            0,
            13,
            13,
            5,
            11,
            8,
            10,
            6,
            5,
            15,
            14,
            7,
            18,
            7,
            14,
            8,
            19,
            12,
            12,
            20,
            5,
            15,
            13,
            15,
            17,
            16,
            19,
            12,
            10,
            9,
            6,
            13,
            7
        ],
        [
            13,
            0,
            13,
            17,
            5,
            14,
            13,
            7,
            10,
            5,
            7,
            17,
            7,
            14,
            11,
            6,
            7,
            23,
            12,
            8,
            12,
            3,
            10,
            13,
            7,
            7,
            16,
            5,
            14,
            15,
            18,
            3,
            12
        ],
        [
            13,
            13,
            0,
            17,
            8,
            6,
            20,
            11,
            15,
            10,
            7,
            11,
            12,
            19,
            4,
            14,
            17,
            16,
            21,
            15,
            9,
            13,
            4,
            4,
            12,
            19,
            6,
            8,
            4,
            20,
            13,
            11,
            18
        ],
        [
            5,
            17,
            17,
            0,
            16,
            12,
            10,
            11,
            8,
            20,
            19,
            9,
            23,
            6,
            19,
            12,
            23,
            12,
            13,
            24,
            9,
            19,
            18,
            20,
            22,
            20,
            23,
            17,
            15,
            8,
            7,
            18,
            8
        ],
        [
            11,
            5,
            8,
            16,
            0,
            11,
            14,
            6,
            11,
            4,
            4,
            14,
            7,
            15,
            7,
            8,
            10,
            20,
            14,
            10,
            9,
            5,
            6,
            9,
            7,
            11,
            12,
            1,
            10,
            16,
            15,
            3,
            13
        ],
        [
            8,
            14,
            6,
            12,
            11,
            0,
            17,
            10,
            12,
            14,
            12,
            5,
            17,
            15,
            9,
            13,
            20,
            10,
            19,
            19,
            5,
            16,
            9,
            10,
            16,
            20,
            12,
            11,
            3,
            17,
            7,
            13,
            15
        ],
        [
            10,
            13,
            20,
            10,
            14,
            17,
            0,
            10,
            5,
            17,
            18,
            16,
            19,
            4,
            20,
            7,
            17,
            21,
            3,
            20,
            13,
            14,
            19,
            21,
            19,
            12,
            25,
            15,
            19,
            3,
            15,
            14,
            3
        ],
        [
            6,
            7,
            11,
            11,
            6,
            10,
            10,
            0,
            5,
            10,
            10,
            11,
            12,
            9,
            11,
            4,
            13,
            17,
            10,
            14,
            6,
            9,
            10,
            12,
            12,
            11,
            16,
            7,
            10,
            11,
            11,
            7,
            8
        ],
        [
            5,
            10,
            15,
            8,
            11,
            12,
            5,
            5,
            0,
            14,
            14,
            12,
            17,
            4,
            15,
            5,
            16,
            17,
            7,
            18,
            8,
            13,
            14,
            17,
            16,
            13,
            21,
            12,
            14,
            6,
            11,
            12,
            3
        ],
        [
            15,
            5,
            10,
            20,
            4,
            14,
            17,
            10,
            14,
            0,
            3,
            18,
            3,
            18,
            8,
            10,
            8,
            23,
            17,
            6,
            13,
            4,
            7,
            9,
            3,
            10,
            12,
            4,
            12,
            19,
            19,
            3,
            16
        ],
        [
            14,
            7,
            7,
            19,
            4,
            12,
            18,
            10,
            14,
            3,
            0,
            16,
            5,
            18,
            5,
            11,
            11,
            21,
            18,
            8,
            12,
            7,
            4,
            6,
            5,
            13,
            9,
            3,
            10,
            20,
            17,
            5,
            17
        ],
        [
            7,
            17,
            11,
            9,
            14,
            5,
            16,
            11,
            12,
            18,
            16,
            0,
            20,
            13,
            14,
            14,
            23,
            6,
            19,
            23,
            5,
            19,
            13,
            14,
            20,
            22,
            17,
            14,
            8,
            15,
            3,
            16,
            14
        ],
        [
            18,
            7,
            12,
            23,
            7,
            17,
            19,
            12,
            17,
            3,
            5,
            20,
            0,
            21,
            9,
            13,
            7,
            26,
            18,
            3,
            16,
            5,
            9,
            10,
            1,
            11,
            13,
            7,
            15,
            21,
            22,
            6,
            19
        ],
        [
            7,
            14,
            19,
            6,
            15,
            15,
            4,
            9,
            4,
            18,
            18,
            13,
            21,
            0,
            19,
            8,
            19,
            17,
            7,
            22,
            11,
            16,
            18,
            21,
            20,
            15,
            24,
            16,
            17,
            2,
            12,
            16,
            3
        ],
        [
            14,
            11,
            4,
            19,
            7,
            9,
            20,
            11,
            15,
            8,
            5,
            14,
            9,
            19,
            0,
            13,
            15,
            19,
            20,
            12,
            10,
            11,
            1,
            2,
            9,
            17,
            6,
            6,
            7,
            21,
            16,
            8,
            18
        ],
        [
            8,
            6,
            14,
            12,
            8,
            13,
            7,
            4,
            5,
            10,
            11,
            14,
            13,
            8,
            13,
            0,
            12,
            20,
            7,
            14,
            9,
            8,
            12,
            15,
            12,
            9,
            19,
            8,
            14,
            9,
            14,
            8,
            6
        ],
        [
            19,
            7,
            17,
            23,
            10,
            20,
            17,
            13,
            16,
            8,
            11,
            23,
            7,
            19,
            15,
            12,
            0,
            29,
            15,
            5,
            18,
            5,
            14,
            16,
            7,
            6,
            19,
            10,
            19,
            20,
            24,
            7,
            17
        ],
        [
            12,
            23,
            16,
            12,
            20,
            10,
            21,
            17,
            17,
            23,
            21,
            6,
            26,
            17,
            19,
            20,
            29,
            0,
            23,
            29,
            11,
            24,
            19,
            19,
            26,
            28,
            21,
            20,
            13,
            19,
            6,
            22,
            18
        ],
        [
            12,
            12,
            21,
            13,
            14,
            19,
            3,
            10,
            7,
            17,
            18,
            19,
            18,
            7,
            20,
            7,
            15,
            23,
            0,
            19,
            15,
            14,
            19,
            22,
            18,
            10,
            26,
            15,
            20,
            6,
            18,
            14,
            6
        ],
        [
            20,
            8,
            15,
            24,
            10,
            19,
            20,
            14,
            18,
            6,
            8,
            23,
            3,
            22,
            12,
            14,
            5,
            29,
