{
    "_id_": "t=euclidean+d=7+c=3+n=05+v=3+o=100+r=01",
    "meta": {
        "t": "euclidean",
        "d": 7,
        "c": 3,
        "n": 5,
        "v": 3,
        "o": 100,
        "r": 1
    },
    "num_carriers": 3,
    "max_vehicle_load": 999999999,
    "max_tour_distance": 999999999,
    "max_tour_duration": 999999999,
    "carriers_max_num_tours": 3,
    "requests": [
        0,
        1,
        2,
        3,
        4,
        5,
        6,
        7,
        8,
        9,
        10,
        11,
        12,
        13,
        14
    ],
    "num_requests": 15,
    "num_requests_per_carrier": 5,
    "vertex_x_coords": [
        19.5,
        9.000000000000002,
        8.999999999999996,
        2.9114753251913843,
        19.966835608116416,
        1.9236679624925896,
        20.677470331517217,
        7.822326349504019,
        1.2356787752672989,
        24.162433599071104,
        24.6123311647044,
        4.707276823449133,
        24.576139611940608,
        2.7759849086148645,
        5.643110047249639,
        4.779117557306392,
        12.126393002879052,
        11.866999394977196
    ],
    "vertex_y_coords": [
        12.5,
        18.562177826491073,
        6.4378221735089305,
        21.103839324643438,
        0.434915382429063,
        12.411408644966365,
        6.547471121428602,
        18.060168866720616,
        20.549311128511487,
        19.852563085683688,
        12.734822102089122,
        20.279526115592624,
        19.120501852702567,
        8.13376047195266,
        19.042217756801936,
        0.8836811031433439,
        12.316946424952238,
        13.860449921318843
    ],
    "request_to_carrier_assignment": [
        0,
        0,
        0,
        0,
        0,
        1,
        1,
        1,
        1,
        1,
        2,
        2,
        2,
        2,
        2
    ],
    "request_disclosure_time": [
        "0001-01-01T00:00:00",
        "0001-01-01T06:48:00",
        "0001-01-01T13:36:00",
        "0001-01-01T20:24:00",
        "0001-01-02T03:12:00",
        "0001-01-01T00:00:00",
        "0001-01-01T06:48:00",
        "0001-01-01T13:36:00",
        "0001-01-01T20:24:00",
        "0001-01-02T03:12:00",
        "0001-01-01T00:00:00",
        "0001-01-01T06:48:00",
        "0001-01-01T13:36:00",
        "0001-01-01T20:24:00",
        "0001-01-02T03:12:00"
    ],
    "vertex_revenue": [
        0,
        0,
        0,
        1,
        1,
        1,
        1,
        1,
        1,
        1,
        1,
        1,
        1,
        1,
        1,
        1,
        1,
        1
    ],
    "vertex_load": [
        0,
        0,
        0,
        1,
        1,
        1,
        1,
        1,
        1,
        1,
        1,
        1,
        1,
        1,
        1,
        1,
        1,
        1
    ],
    "vertex_service_duration": [
        0,
        0,
        0,
        240.0,
        240.0,
        240.0,
        240.0,
        240.0,
        240.0,
        240.0,
        240.0,
        240.0,
        240.0,
        240.0,
        240.0,
        240.0,
        240.0,
        240.0
    ],
    "tw_open": [
        "0001-01-02T10:00:00",
        "0001-01-02T10:00:00",
        "0001-01-02T10:00:00",
        "0001-01-02T10:00:00",
        "0001-01-02T10:00:00",
        "0001-01-02T10:00:00",
        "0001-01-02T10:00:00",
        "0001-01-02T10:00:00",
        "0001-01-02T10:00:00",
        "0001-01-02T10:00:00",
        "0001-01-02T10:00:00",
        "0001-01-02T10:00:00",
        "0001-01-02T10:00:00",
        "0001-01-02T10:00:00",
        "0001-01-02T10:00:00",
        "0001-01-02T10:00:00",
        "0001-01-02T10:00:00",
        "0001-01-02T10:00:00"
    ],
    "tw_close": [
        "0001-01-02T18:00:00",
        "0001-01-02T18:00:00",
        "0001-01-02T18:00:00",
        "0001-01-02T18:00:00",
        "0001-01-02T18:00:00",
        "0001-01-02T18:00:00",
        "0001-01-02T18:00:00",
        "0001-01-02T18:00:00",
        "0001-01-02T18:00:00",
        "0001-01-02T18:00:00",
        "0001-01-02T18:00:00",
        "0001-01-02T18:00:00",
        "0001-01-02T18:00:00",
        "0001-01-02T18:00:00",
        "0001-01-02T18:00:00",
        "0001-01-02T18:00:00",
        "0001-01-02T18:00:00",
        "0001-01-02T18:00:00"
    ],
    "_travel_duration_matrix": [
        [
            0.0,
            1455.0,
            1455.0,
            2243.0,
            1449.0,
            2110.0,
            729.0,
            1553.0,
            2396.0,
            1045.0,
            615.0,
            2006.0,
            1002.0,
            2075.0,
            1839.0,
            2251.0,
            886.0,
            931.0
        ],
        [
            1455.0,
            0.0,
            1455.0,
            792.0,
            2543.0,
            1126.0,
            2011.0,
            154.0,
            962.0,
            1827.0,
            2000.0,
            555.0,
            1871.0,
            1458.0,
            407.0,
            2182.0,
            839.0,
            661.0
        ],
        [
            1455.0,
            1455.0,
            0.0,
            1906.0,
            1501.0,
            1112.0,
            1402.0,
            1402.0,
            1933.0,
            2430.0,
            2021.0,
            1740.0,
            2411.0,
            775.0,
            1566.0,
            838.0,
            800.0,
            955.0
        ],
        [
            2243.0,
            792.0,
            1906.0,
            0.0,
            3216.0,
            1050.0,
            2757.0,
            694.0,
            212.0,
            2555.0,
            2792.0,
            238.0,
            2611.0,
            1557.0,
            411.0,
            2437.0,
            1528.0,
            1383.0
        ],
        [
            1449.0,
            2543.0,
            1501.0,
            3216.0,
            0.0,
            2599.0,
            739.0,
            2569.0,
            3299.0,
            2384.0,
            1578.0,
            3004.0,
            2310.0,
            2261.0,
            2818.0,
            1824.0,
            1709.0,
            1882.0
        ],
        [
            2110.0,
            1126.0,
            1112.0,
            1050.0,
            2599.0,
            0.0,
            2358.0,
            981.0,
            981.0,
            2815.0,
            2723.0,
            1002.0,
            2836.0,
            524.0,
            913.0,
            1426.0,
            1225.0,
            1206.0
        ],
        [
            729.0,
            2011.0,
            1402.0,
            2757.0,
            739.0,
            2358.0,
            0.0,
            2071.0,
            2876.0,
            1651.0,
            880.0,
            2528.0,
            1580.0,
            2157.0,
            2346.0,
            2026.0,
            1238.0,
            1375.0
        ],
        [
            1553.0,
            154.0,
            1402.0,
            694.0,
            2569.0,
            981.0,
            2071.0,
            0.0,
            845.0,
            1973.0,
            2114.0,
            459.0,
            2015.0,
            1337.0,
            287.0,
            2094.0,
            862.0,
            700.0
        ],
        [
            2396.0,
            962.0,
            1933.0,
            212.0,
            3299.0,
            981.0,
            2876.0,
            845.0,
            0.0,
            2753.0,
            2958.0,
            418.0,
            2807.0,
            1502.0,
            559.0,
            2398.0,
            1639.0,
            1508.0
        ],
        [
            1045.0,
            1827.0,
            2430.0,
            2555.0,
            2384.0,
            2815.0,
            1651.0,
            1973.0,
            2753.0,
            0.0,
            856.0,
            2336.0,
            101.0,
            2927.0,
            2225.0,
            3255.0,
            1705.0,
            1642.0
        ],
        [
            615.0,
            2000.0,
            2021.0,
            2792.0,
            1578.0,
            2723.0,
            880.0,
            2114.0,
            2958.0,
            856.0,
            0.0,
            2555.0,
            767.0,
            2678.0,
            2399.0,
            2773.0,
            1500.0,
            1536.0
        ],
        [
            2006.0,
            555.0,
            1740.0,
            238.0,
            3004.0,
            1002.0,
            2528.0,
            459.0,
            418.0,
            2336.0,
            2555.0,
            0.0,
            2389.0,
            1476.0,
            187.0,
            2328.0,
            1306.0,
            1154.0
        ],
        [
            1002.0,
            1871.0,
            2411.0,
            2611.0,
            2310.0,
            2836.0,
            1580.0,
            2015.0,
            2807.0,
            101.0,
            767.0,
            2389.0,
            0.0,
            2930.0,
            2272.0,
            3230.0,
            1703.0,
            1651.0
        ],
        [
            2075.0,
            1458.0,
            775.0,
            1557.0,
            2261.0,
            524.0,
            2157.0,
            1337.0,
            1502.0,
            2927.0,
            2678.0,
            1476.0,
            2930.0,
            0.0,
            1354.0,
            903.0,
            1230.0,
            1290.0
        ],
        [
            1839.0,
            407.0,
            1566.0,
            411.0,
            2818.0,
            913.0,
            2346.0,
            287.0,
            559.0,
            2225.0,
            2399.0,
            187.0,
            2272.0,
            1354.0,
            0.0,
            2182.0,
            1121.0,
            972.0
        ],
        [
            2251.0,
            2182.0,
            838.0,
            2437.0,
            1824.0,
            1426.0,
            2026.0,
            2094.0,
            2398.0,
            3255.0,
            2773.0,
            2328.0,
            3230.0,
            903.0,
            2182.0,
            0.0,
            1631.0,
            1775.0
        ],
        [
            886.0,
            839.0,
            800.0,
            1528.0,
            1709.0,
            1225.0,
            1238.0,
            862.0,
            1639.0,
            1705.0,
            1500.0,
            1306.0,
            1703.0,
            1230.0,
            1121.0,
            1631.0,
            0.0,
            188.0
        ],
        [
            931.0,
            661.0,
            955.0,
            1383.0,
            1882.0,
            1206.0,
            1375.0,
            700.0,
            1508.0,
            1642.0,
            1536.0,
            1154.0,
            1651.0,
            1290.0,
            972.0,
            1775.0,
            188.0,
            0.0
        ]
    ],
    "_travel_distance_matrix": [
        [
            0,
            13,
            13,
            19,
            13,
            18,
            7,
            13,
            20,
            9,
            6,
            17,
            9,
            18,
            16,
            19,
            8,
            8
        ],
        [
            13,
            0,
            13,
            7,
            22,
            10,
            17,
            2,
            9,
            16,
            17,
            5,
            16,
            13,
            4,
            19,
            7,
            6
        ],
        [
            13,
            13,
            0,
            16,
            13,
            10,
            12,
            12,
            17,
            21,
            17,
            15,
            21,
            7,
            14,
            7,
            7,
            8
        ],
        [
            19,
            7,
            16,
            0,
            27,
            9,
            23,
            6,
            2,
            22,
            24,
            2,
            22,
            13,
            4,
            21,
            13,
            12
        ],
        [
            13,
            22,
            13,
            27,
            0,
            22,
            7,
            22,
            28,
            20,
            14,
            26,
            20,
            19,
            24,
            16,
            15,
            16
        ],
        [
            18,
            10,
            10,
            9,
            22,
            0,
            20,
            9,
            9,
            24,
            23,
            9,
            24,
            5,
            8,
            12,
            11,
            11
        ],
        [
            7,
            17,
            12,
            23,
            7,
            20,
            0,
            18,
            24,
            14,
            8,
            22,
            14,
            18,
            20,
            17,
            11,
            12
        ],
        [
            13,
            2,
            12,
            6,
            22,
            9,
            18,
            0,
            8,
            17,
            18,
            4,
            17,
            12,
            3,
            18,
            8,
            6
        ],
        [
            20,
            9,
            17,
            2,
            28,
            9,
            24,
            8,
            0,
            23,
            25,
            4,
            24,
            13,
            5,
            20,
            14,
            13
        ],
        [
            9,
            16,
            21,
            22,
            20,
            24,
            14,
            17,
            23,
            0,
            8,
            20,
            1,
            25,
            19,
            28,
            15,
            14
        ],
        [
            6,
            17,
            17,
            24,
            14,
            23,
            8,
            18,
            25,
            8,
            0,
            22,
            7,
            23,
            20,
            24,
            13,
            13
        ],
        [
            17,
            5,
            15,
            2,
            26,
            9,
            22,
            4,
            4,
            20,
            22,
            0,
            20,
            13,
            2,
            20,
            11,
            10
        ],
        [
            9,
            16,
            21,
            22,
            20,
            24,
            14,
            17,
            24,
            1,
            7,
            20,
            0,
            25,
            19,
            27,
            15,
            14
        ],
        [
            18,
            13,
            7,
            13,
            19,
            5,
            18,
            12,
            13,
            25,
            23,
            13,
            25,
            0,
            12,
            8,
            11,
            11
        ],
        [
            16,
            4,
            14,
            4,
            24,
            8,
            20,
            3,
            5,
            19,
            20,
            2,
            19,
            12,
            0,
            19,
            10,
            9
        ],
        [
            19,
            19,
            7,
            21,
            16,
            12,
            17,
            18,
            20,
            28,
            24,
            20,
            27,
            8,
            19,
            0,
            14,
            15
        ],
        [
            8,
            7,
            7,
            13,
            15,
            11,
            11,
            8,
            14,
            15,
            13,
            11,
            15,
            11,
            10,
            14,
            0,
            2
        ],
        [
            8,
            6,
            8,
            12,
            16,
            11,
            12,
            6,
            13,
            14,
            13,
            10,
            14,
            11,
            9,
            15,
            2,
            0
        ]
    ]
}