{
    "_id_": "t=euclidean+d=7+c=3+n=05+v=3+o=100+r=12",
    "meta": {
        "t": "euclidean",
        "d": 7,
        "c": 3,
        "n": 5,
        "v": 3,
        "o": 100,
        "r": 12
    },
    "num_carriers": 3,
    "max_vehicle_load": 999999999,
    "max_tour_distance": 999999999,
    "max_tour_duration": 999999999,
    "carriers_max_num_tours": 3,
    "requests": [
        0,
        1,
        2,
        3,
        4,
        5,
        6,
        7,
        8,
        9,
        10,
        11,
        12,
        13,
        14
    ],
    "num_requests": 15,
    "num_requests_per_carrier": 5,
    "vertex_x_coords": [
        19.5,
        9.000000000000002,
        8.999999999999996,
        17.058796581203588,
        5.508996819315285,
        4.397647527125759,
        23.08362495067641,
        20.493864039825052,
        12.824261380738298,
        20.606039902435285,
        18.53667630586774,
        23.185181463129176,
        19.97812821550207,
        5.788890620426687,
        12.444724212444847,
        4.608449685711993,
        11.77833072226152,
        22.96501229433858
    ],
    "vertex_y_coords": [
        12.5,
        18.562177826491073,
        6.4378221735089305,
        1.3455254700555668,
        4.6092952674667425,
        20.30236266639434,
        6.914359944927656,
        22.247317327779648,
        6.124115026719911,
        5.344074084377387,
        15.74850511474202,
        5.797704715160471,
        12.954125921317855,
        4.147599831018614,
        14.568116015382998,
        0.37237291900580616,
        18.206083204581542,
        15.638350143386601
    ],
    "request_to_carrier_assignment": [
        0,
        0,
        0,
        0,
        0,
        1,
        1,
        1,
        1,
        1,
        2,
        2,
        2,
        2,
        2
    ],
    "request_disclosure_time": [
        "0001-01-01T00:00:00",
        "0001-01-01T06:48:00",
        "0001-01-01T13:36:00",
        "0001-01-01T20:24:00",
        "0001-01-02T03:12:00",
        "0001-01-01T00:00:00",
        "0001-01-01T06:48:00",
        "0001-01-01T13:36:00",
        "0001-01-01T20:24:00",
        "0001-01-02T03:12:00",
        "0001-01-01T00:00:00",
        "0001-01-01T06:48:00",
        "0001-01-01T13:36:00",
        "0001-01-01T20:24:00",
        "0001-01-02T03:12:00"
    ],
    "vertex_revenue": [
        0,
        0,
        0,
        1,
        1,
        1,
        1,
        1,
        1,
        1,
        1,
        1,
        1,
        1,
        1,
        1,
        1,
        1
    ],
    "vertex_load": [
        0,
        0,
        0,
        1,
        1,
        1,
        1,
        1,
        1,
        1,
        1,
        1,
        1,
        1,
        1,
        1,
        1,
        1
    ],
    "vertex_service_duration": [
        0,
        0,
        0,
        240.0,
        240.0,
        240.0,
        240.0,
        240.0,
        240.0,
        240.0,
        240.0,
        240.0,
        240.0,
        240.0,
        240.0,
        240.0,
        240.0,
        240.0
    ],
    "tw_open": [
        "0001-01-02T10:00:00",
        "0001-01-02T10:00:00",
        "0001-01-02T10:00:00",
        "0001-01-02T10:00:00",
        "0001-01-02T10:00:00",
        "0001-01-02T10:00:00",
        "0001-01-02T10:00:00",
        "0001-01-02T10:00:00",
        "0001-01-02T10:00:00",
        "0001-01-02T10:00:00",
        "0001-01-02T10:00:00",
        "0001-01-02T10:00:00",
        "0001-01-02T10:00:00",
        "0001-01-02T10:00:00",
        "0001-01-02T10:00:00",
        "0001-01-02T10:00:00",
        "0001-01-02T10:00:00",
        "0001-01-02T10:00:00"
    ],
    "tw_close": [
        "0001-01-02T18:00:00",
        "0001-01-02T18:00:00",
        "0001-01-02T18:00:00",
        "0001-01-02T18:00:00",
        "0001-01-02T18:00:00",
        "0001-01-02T18:00:00",
        "0001-01-02T18:00:00",
        "0001-01-02T18:00:00",
        "0001-01-02T18:00:00",
        "0001-01-02T18:00:00",
        "0001-01-02T18:00:00",
        "0001-01-02T18:00:00",
        "0001-01-02T18:00:00",
        "0001-01-02T18:00:00",
        "0001-01-02T18:00:00",
        "0001-01-02T18:00:00",
        "0001-01-02T18:00:00",
        "0001-01-02T18:00:00"
    ],
    "_travel_duration_matrix": [
        [
            0.0,
            1455.0,
            1455.0,
            1371.0,
            1928.0,
            2040.0,
            797.0,
            1176.0,
            1108.0,
            869.0,
            407.0,
            918.0,
            80.0,
            1927.0,
            883.0,
            2305.0,
            1153.0,
            561.0
        ],
        [
            1455.0,
            0.0,
            1455.0,
            2282.0,
            1726.0,
            591.0,
            2194.0,
            1449.0,
            1562.0,
            2111.0,
            1194.0,
            2290.0,
            1480.0,
            1773.0,
            633.0,
            2246.0,
            337.0,
            1713.0
        ],
        [
            1455.0,
            1455.0,
            0.0,
            1144.0,
            473.0,
            1754.0,
            1692.0,
            2346.0,
            461.0,
            1399.0,
            1600.0,
            1704.0,
            1532.0,
            474.0,
            1060.0,
            899.0,
            1452.0,
            2007.0
        ],
        [
            1371.0,
            2282.0,
            1144.0,
            0.0,
            1441.0,
            2736.0,
            985.0,
            2542.0,
            767.0,
            642.0,
            1738.0,
            909.0,
            1437.0,
            1394.0,
            1681.0,
            1499.0,
            2121.0,
            1856.0
        ],
        [
            1928.0,
            1726.0,
            473.0,
            1441.0,
            0.0,
            1888.0,
            2128.0,
            2778.0,
            897.0,
            1814.0,
            2057.0,
            2126.0,
            2005.0,
            65.0,
            1457.0,
            520.0,
            1797.0,
            2478.0
        ],
        [
            2040.0,
            591.0,
            1754.0,
            2736.0,
            1888.0,
            0.0,
            2759.0,
            1946.0,
            1980.0,
            2647.0,
            1783.0,
            2849.0,
            2068.0,
            1946.0,
            1186.0,
            2392.0,
            921.0,
            2298.0
        ],
        [
            797.0,
            2194.0,
            1692.0,
            985.0,
            2128.0,
            2759.0,
            0.0,
            1867.0,
            1235.0,
            352.0,
            1193.0,
            135.0,
            815.0,
            2102.0,
            1573.0,
            2352.0,
            1918.0,
            1047.0
        ],
        [
            1176.0,
            1449.0,
            2346.0,
            2542.0,
            2778.0,
            1946.0,
            1867.0,
            0.0,
            2143.0,
            2029.0,
            815.0,
            2001.0,
            1117.0,
            2799.0,
            1335.0,
            3245.0,
            1153.0,
            847.0
        ],
        [
            1108.0,
            1562.0,
            461.0,
            767.0,
            897.0,
            1980.0,
            1235.0,
            2143.0,
            0.0,
            939.0,
            1344.0,
            1244.0,
            1187.0,
            877.0,
            1015.0,
            1204.0,
            1456.0,
            1669.0
        ],
        [
            869.0,
            2111.0,
            1399.0,
            642.0,
            1814.0,
            2647.0,
            352.0,
            2029.0,
            939.0,
            0.0,
            1273.0,
            315.0,
            917.0,
            1784.0,
            1478.0,
            2011.0,
            1872.0,
            1268.0
        ],
        [
            407.0,
            1194.0,
            1600.0,
            1738.0,
            2057.0,
            1783.0,
            1193.0,
            815.0,
            1344.0,
            1273.0,
            0.0,
            1318.0,
            378.0,
            2069.0,
            745.0,
            2490.0,
            863.0,
            532.0
        ],
        [
            918.0,
            2290.0,
            1704.0,
            909.0,
            2126.0,
            2849.0,
            135.0,
            2001.0,
            1244.0,
            315.0,
            1318.0,
            0.0,
            942.0,
            2097.0,
            1664.0,
            2323.0,
            2023.0,
            1182.0
        ],
        [
            80.0,
            1480.0,
            1532.0,
            1437.0,
            2005.0,
            2068.0,
            815.0,
            1117.0,
            1187.0,
            917.0,
            378.0,
            942.0,
            0.0,
            2004.0,
            925.0,
            2384.0,
            1169.0,
            482.0
        ],
        [
            1927.0,
            1773.0,
            474.0,
            1394.0,
            65.0,
            1946.0,
            2102.0,
            2799.0,
            877.0,
            1784.0,
            2069.0,
            2097.0,
            2004.0,
            0.0,
            1484.0,
            475.0,
            1834.0,
            2480.0
        ],
        [
            883.0,
            633.0,
            1060.0,
            1681.0,
            1457.0,
            1186.0,
            1573.0,
            1335.0,
            1015.0,
            1478.0,
            745.0,
            1664.0,
            925.0,
            1484.0,
            0.0,
            1946.0,
            444.0,
            1269.0
        ],
        [
            2305.0,
            2246.0,
            899.0,
            1499.0,
            520.0,
            2392.0,
            2352.0,
            3245.0,
            1204.0,
            2011.0,
            2490.0,
            2323.0,
            2384.0,
            475.0,
            1946.0,
            0.0,
            2307.0,
            2865.0
        ],
        [
            1153.0,
            337.0,
            1452.0,
            2121.0,
            1797.0,
            921.0,
            1918.0,
            1153.0,
            1456.0,
            1872.0,
            863.0,
            2023.0,
            1169.0,
            1834.0,
            444.0,
            2307.0,
            0.0,
            1378.0
        ],
        [
            561.0,
            1713.0,
            2007.0,
            1856.0,
            2478.0,
            2298.0,
            1047.0,
            847.0,
            1669.0,
            1268.0,
            532.0,
            1182.0,
            482.0,
            2480.0,
            1269.0,
            2865.0,
            1378.0,
            0.0
        ]
    ],
    "_travel_distance_matrix": [
        [
            0,
            13,
            13,
            12,
            17,
            17,
            7,
            10,
            10,
            8,
            4,
            8,
            1,
            17,
            8,
            20,
            10,
            5
        ],
        [
            13,
            0,
            13,
            20,
            15,
            5,
            19,
            13,
            14,
            18,
            10,
            20,
            13,
            15,
            6,
            19,
            3,
            15
        ],
        [
            13,
            13,
            0,
            10,
            4,
            15,
            15,
            20,
            4,
            12,
            14,
            15,
            13,
            4,
            9,
            8,
            13,
            17
        ],
        [
            12,
            20,
            10,
            0,
            13,
            23,
            9,
            22,
            7,
            6,
            15,
            8,
            12,
            12,
            15,
            13,
            18,
            16
        ],
        [
            17,
            15,
            4,
            13,
            0,
            16,
            18,
            24,
            8,
            16,
            18,
            18,
            17,
            1,
            13,
            5,
            15,
            21
        ],
        [
            17,
            5,
            15,
            23,
            16,
            0,
            23,
            17,
            17,
            23,
            15,
            24,
            18,
            17,
            10,
            20,
            8,
            20
        ],
        [
            7,
            19,
            15,
            9,
            18,
            23,
            0,
            16,
            11,
            3,
            10,
            2,
            7,
            18,
            14,
            20,
            16,
            9
        ],
        [
            10,
            13,
            20,
            22,
            24,
            17,
            16,
            0,
            18,
            17,
            7,
            17,
            10,
            24,
            12,
            28,
            10,
            8
        ],
        [
            10,
            14,
            4,
            7,
            8,
            17,
            11,
            18,
            0,
            8,
            12,
            11,
            10,
            8,
            9,
            11,
            13,
            14
        ],
        [
            8,
            18,
            12,
            6,
            16,
            23,
            3,
            17,
            8,
            0,
            11,
            3,
            8,
            15,
            13,
            17,
            16,
            11
        ],
        [
            4,
            10,
            14,
            15,
            18,
            15,
            10,
            7,
            12,
            11,
            0,
            11,
            4,
            18,
            7,
            21,
            8,
            5
        ],
        [
            8,
            20,
            15,
            8,
            18,
            24,
            2,
            17,
            11,
            3,
            11,
            0,
            8,
            18,
            14,
            20,
            17,
            10
        ],
        [
            1,
            13,
            13,
            12,
            17,
            18,
            7,
            10,
            10,
            8,
            4,
            8,
            0,
            17,
            8,
            20,
            10,
            5
        ],
        [
            17,
            15,
            4,
            12,
            1,
            17,
            18,
            24,
            8,
            15,
            18,
            18,
            17,
            0,
            13,
            4,
            16,
            21
        ],
        [
            8,
            6,
            9,
            15,
            13,
            10,
            14,
            12,
            9,
            13,
            7,
            14,
            8,
            13,
            0,
            17,
            4,
            11
        ],
        [
            20,
            19,
            8,
            13,
            5,
            20,
            20,
            28,
            11,
            17,
            21,
            20,
            20,
            4,
            17,
            0,
            20,
            24
        ],
        [
            10,
            3,
            13,
            18,
            15,
            8,
            16,
            10,
            13,
            16,
            8,
            17,
            10,
            16,
            4,
            20,
            0,
            12
        ],
        [
            5,
            15,
            17,
            16,
            21,
            20,
            9,
            8,
            14,
            11,
            5,
            10,
            5,
            21,
            11,
            24,
            12,
            0
        ]
    ]
}