{
    "_id_": "t=euclidean+d=7+c=3+n=05+v=3+o=100+r=06",
    "meta": {
        "t": "euclidean",
        "d": 7,
        "c": 3,
        "n": 5,
        "v": 3,
        "o": 100,
        "r": 6
    },
    "num_carriers": 3,
    "max_vehicle_load": 999999999,
    "max_tour_distance": 999999999,
    "max_tour_duration": 999999999,
    "carriers_max_num_tours": 3,
    "requests": [
        0,
        1,
        2,
        3,
        4,
        5,
        6,
        7,
        8,
        9,
        10,
        11,
        12,
        13,
        14
    ],
    "num_requests": 15,
    "num_requests_per_carrier": 5,
    "vertex_x_coords": [
        19.5,
        9.000000000000002,
        8.999999999999996,
        21.875294001846505,
        15.101528506346687,
        12.833834920509057,
        17.44613228346739,
        4.5325813547007545,
        21.547776397514813,
        0.05627178974002278,
        22.50016930092249,
        16.61691849348127,
        11.85753232650233,
        22.810035449587645,
        17.63801944484274,
        2.0207918454676204,
        1.022641866550833,
        1.5747695018229313
    ],
    "vertex_y_coords": [
        12.5,
        18.562177826491073,
        6.4378221735089305,
        3.9470246426683313,
        9.0116567782858,
        7.5611513638693815,
        9.789231316019151,
        13.939414565575966,
        7.881777045311672,
        22.014833431064712,
        21.128759329995148,
        8.077002667132701,
        2.491180325351544,
        3.2447464398550148,
        18.770556371123778,
        10.691587933793764,
        18.0516799396593,
        19.354344394667685
    ],
    "request_to_carrier_assignment": [
        0,
        0,
        0,
        0,
        0,
        1,
        1,
        1,
        1,
        1,
        2,
        2,
        2,
        2,
        2
    ],
    "request_disclosure_time": [
        "0001-01-01T00:00:00",
        "0001-01-01T06:48:00",
        "0001-01-01T13:36:00",
        "0001-01-01T20:24:00",
        "0001-01-02T03:12:00",
        "0001-01-01T00:00:00",
        "0001-01-01T06:48:00",
        "0001-01-01T13:36:00",
        "0001-01-01T20:24:00",
        "0001-01-02T03:12:00",
        "0001-01-01T00:00:00",
        "0001-01-01T06:48:00",
        "0001-01-01T13:36:00",
        "0001-01-01T20:24:00",
        "0001-01-02T03:12:00"
    ],
    "vertex_revenue": [
        0,
        0,
        0,
        1,
        1,
        1,
        1,
        1,
        1,
        1,
        1,
        1,
        1,
        1,
        1,
        1,
        1,
        1
    ],
    "vertex_load": [
        0,
        0,
        0,
        1,
        1,
        1,
        1,
        1,
        1,
        1,
        1,
        1,
        1,
        1,
        1,
        1,
        1,
        1
    ],
    "vertex_service_duration": [
        0,
        0,
        0,
        240.0,
        240.0,
        240.0,
        240.0,
        240.0,
        240.0,
        240.0,
        240.0,
        240.0,
        240.0,
        240.0,
        240.0,
        240.0,
        240.0,
        240.0
    ],
    "tw_open": [
        "0001-01-02T10:00:00",
        "0001-01-02T10:00:00",
        "0001-01-02T10:00:00",
        "0001-01-02T10:00:00",
        "0001-01-02T10:00:00",
        "0001-01-02T10:00:00",
        "0001-01-02T10:00:00",
        "0001-01-02T10:00:00",
        "0001-01-02T10:00:00",
        "0001-01-02T10:00:00",
        "0001-01-02T10:00:00",
        "0001-01-02T10:00:00",
        "0001-01-02T10:00:00",
        "0001-01-02T10:00:00",
        "0001-01-02T10:00:00",
        "0001-01-02T10:00:00",
        "0001-01-02T10:00:00",
        "0001-01-02T10:00:00"
    ],
    "tw_close": [
        "0001-01-02T18:00:00",
        "0001-01-02T18:00:00",
        "0001-01-02T18:00:00",
        "0001-01-02T18:00:00",
        "0001-01-02T18:00:00",
        "0001-01-02T18:00:00",
        "0001-01-02T18:00:00",
        "0001-01-02T18:00:00",
        "0001-01-02T18:00:00",
        "0001-01-02T18:00:00",
        "0001-01-02T18:00:00",
        "0001-01-02T18:00:00",
        "0001-01-02T18:00:00",
        "0001-01-02T18:00:00",
        "0001-01-02T18:00:00",
        "0001-01-02T18:00:00",
        "0001-01-02T18:00:00",
        "0001-01-02T18:00:00"
    ],
    "_travel_duration_matrix": [
        [
            0.0,
            1455.0,
            1455.0,
            1066.0,
            674.0,
            996.0,
            409.0,
            1805.0,
            607.0,
            2598.0,
            1097.0,
            634.0,
            1512.0,
            1180.0,
            785.0,
            2109.0,
            2316.0,
            2303.0
        ],
        [
            1455.0,
            0.0,
            1455.0,
            2338.0,
            1360.0,
            1398.0,
            1462.0,
            772.0,
            1978.0,
            1151.0,
            1650.0,
            1556.0,
            1959.0,
            2475.0,
            1037.0,
            1263.0,
            960.0,
            897.0
        ],
        [
            1455.0,
            1455.0,
            0.0,
            1574.0,
            795.0,
            480.0,
            1091.0,
            1048.0,
            1516.0,
            2156.0,
            2395.0,
            935.0,
            585.0,
            1701.0,
            1807.0,
            981.0,
            1691.0,
            1788.0
        ],
        [
            1066.0,
            2338.0,
            1574.0,
            0.0,
            1015.0,
            1169.0,
            880.0,
            2402.0,
            474.0,
            3400.0,
            2064.0,
            803.0,
            1215.0,
            141.0,
            1851.0,
            2517.0,
            3021.0,
            3059.0
        ],
        [
            674.0,
            1360.0,
            795.0,
            1015.0,
            0.0,
            324.0,
            297.0,
            1400.0,
            786.0,
            2387.0,
            1704.0,
            214.0,
            874.0,
            1156.0,
            1210.0,
            1583.0,
            2008.0,
            2044.0
        ],
        [
            996.0,
            1398.0,
            480.0,
            1169.0,
            324.0,
            0.0,
            615.0,
            1257.0,
            1047.0,
            2316.0,
            2000.0,
            459.0,
            620.0,
            1305.0,
            1464.0,
            1351.0,
            1896.0,
            1957.0
        ],
        [
            409.0,
            1462.0,
            1091.0,
            880.0,
            297.0,
            615.0,
            0.0,
            1628.0,
            543.0,
            2551.0,
            1490.0,
            229.0,
            1104.0,
            1016.0,
            1079.0,
            1855.0,
            2207.0,
            2224.0
        ],
        [
            1805.0,
            772.0,
            1048.0,
            2402.0,
            1400.0,
            1257.0,
            1628.0,
            0.0,
            2168.0,
            1108.0,
            2323.0,
            1612.0,
            1631.0,
            2542.0,
            1677.0,
            493.0,
            649.0,
            741.0
        ],
        [
            607.0,
            1978.0,
            1516.0,
            474.0,
            786.0,
            1047.0,
            543.0,
            2168.0,
            0.0,
            3087.0,
            1594.0,
            593.0,
            1331.0,
            577.0,
            1389.0,
            2368.0,
            2749.0,
            2765.0
        ],
        [
            2598.0,
            1151.0,
            2156.0,
            3400.0,
            2387.0,
            2316.0,
            2551.0,
            1108.0,
            3087.0,
            0.0,
            2696.0,
            2598.0,
            2738.0,
            3540.0,
            2146.0,
            1380.0,
            490.0,
            368.0
        ],
        [
            1097.0,
            1650.0,
            2395.0,
            2064.0,
            1704.0,
            2000.0,
            1490.0,
            2323.0,
            1594.0,
            2696.0,
            0.0,
            1718.0,
            2576.0,
            2147.0,
            649.0,
            2759.0,
            2604.0,
            2521.0
        ],
        [
            634.0,
            1556.0,
            935.0,
            803.0,
            214.0,
            459.0,
            229.0,
            1612.0,
            593.0,
            2598.0,
            1718.0,
            0.0,
            881.0,
            943.0,
            1290.0,
            1780.0,
            2222.0,
            2257.0
        ],
        [
            1512.0,
            1959.0,
            585.0,
            1215.0,
            874.0,
            620.0,
            1104.0,
            1631.0,
            1331.0,
            2738.0,
            2576.0,
            881.0,
            0.0,
            1318.0,
            2074.0,
            1537.0,
            2276.0,
            2371.0
        ],
        [
            1180.0,
            2475.0,
            1701.0,
            141.0,
            1156.0,
            1305.0,
            1016.0,
            2542.0,
            577.0,
            3540.0,
            2147.0,
            943.0,
            1318.0,
            0.0,
            1964.0,
            2650.0,
            3162.0,
            3199.0
        ],
        [
            785.0,
            1037.0,
            1807.0,
            1851.0,
            1210.0,
            1464.0,
            1079.0,
            1677.0,
            1389.0,
            2146.0,
            649.0,
            1290.0,
            2074.0,
            1964.0,
            0.0,
            2110.0,
            1996.0,
            1929.0
        ],
        [
            2109.0,
            1263.0,
            981.0,
            2517.0,
            1583.0,
            1351.0,
            1855.0,
            493.0,
            2368.0,
            1380.0,
            2759.0,
            1780.0,
            1537.0,
            2650.0,
            2110.0,
            0.0,
            892.0,
            1041.0
        ],
        [
            2316.0,
            960.0,
            1691.0,
            3021.0,
            2008.0,
            1896.0,
            2207.0,
            649.0,
            2749.0,
            490.0,
            2604.0,
            2222.0,
            2276.0,
            3162.0,
            1996.0,
            892.0,
            0.0,
            170.0
        ],
        [
            2303.0,
            897.0,
            1788.0,
            3059.0,
            2044.0,
            1957.0,
            2224.0,
            741.0,
            2765.0,
            368.0,
            2521.0,
            2257.0,
            2371.0,
            3199.0,
            1929.0,
            1041.0,
            170.0,
            0.0
        ]
    ],
    "_travel_distance_matrix": [
        [
            0,
            13,
            13,
            9,
            6,
            9,
            4,
            16,
            6,
            22,
            10,
            6,
            13,
            10,
            7,
            18,
            20,
            20
        ],
        [
            13,
            0,
            13,
            20,
            12,
            12,
            13,
            7,
            17,
            10,
            14,
            13,
            17,
            21,
            9,
            11,
            8,
            8
        ],
        [
            13,
            13,
            0,
            14,
            7,
            4,
            10,
            9,
            13,
            18,
            20,
            8,
            5,
            15,
            16,
            9,
            15,
            15
        ],
        [
            9,
            20,
            14,
            0,
            9,
            10,
            8,
            21,
            4,
            29,
            18,
            7,
            11,
            2,
            16,
            21,
            26,
            26
        ],
        [
            6,
            12,
            7,
            9,
            0,
            3,
            3,
            12,
            7,
            20,
            15,
            2,
            8,
            10,
            11,
            14,
            17,
            18
        ],
        [
            9,
            12,
            4,
            10,
            3,
            0,
            6,
            11,
            9,
            20,
            17,
            4,
            6,
            11,
            13,
            12,
            16,
            17
        ],
        [
            4,
            13,
            10,
            8,
            3,
            6,
            0,
            14,
            5,
            22,
            13,
            2,
            10,
            9,
            9,
            16,
            19,
            19
        ],
        [
            16,
            7,
            9,
            21,
            12,
            11,
            14,
            0,
            19,
            10,
            20,
            14,
            14,
            22,
            14,
            5,
            6,
            7
        ],
        [
            6,
            17,
            13,
            4,
            7,
            9,
            5,
            19,
            0,
            26,
            14,
            5,
            12,
            5,
            12,
            20,
            23,
            24
        ],
        [
            22,
            10,
            18,
            29,
            20,
            20,
            22,
            10,
            26,
            0,
            23,
            22,
            23,
            30,
            18,
            12,
            5,
            4
        ],
        [
            10,
            14,
            20,
            18,
            15,
            17,
            13,
            20,
            14,
            23,
            0,
            15,
            22,
            18,
            6,
            23,
            22,
            22
        ],
        [
            6,
            13,
            8,
            7,
            2,
            4,
            2,
            14,
            5,
            22,
            15,
            0,
            8,
            8,
            11,
            15,
            19,
            19
        ],
        [
            13,
            17,
            5,
            11,
            8,
            6,
            10,
            14,
            12,
            23,
            22,
            8,
            0,
            11,
            18,
            13,
            19,
            20
        ],
        [
            10,
            21,
            15,
            2,
            10,
            11,
            9,
            22,
            5,
            30,
            18,
            8,
            11,
            0,
            17,
            23,
            27,
            27
        ],
        [
            7,
            9,
            16,
            16,
            11,
            13,
            9,
            14,
            12,
            18,
            6,
            11,
            18,
            17,
            0,
            18,
            17,
            17
        ],
        [
            18,
            11,
            9,
            21,
            14,
            12,
            16,
            5,
            20,
            12,
            23,
            15,
            13,
            23,
            18,
            0,
            8,
            9
        ],
        [
            20,
            8,
            15,
            26,
            17,
            16,
            19,
            6,
            23,
            5,
            22,
            19,
            19,
            27,
            17,
            8,
            0,
            2
        ],
        [
            20,
            8,
            15,
            26,
            18,
            17,
            19,
            7,
            24,
            4,
            22,
            19,
            20,
            27,
            17,
            9,
            2,
            0
        ]
    ]
}