{
    "_id_": "t=euclidean+d=7+c=3+n=10+v=1+o=100+r=08",
    "meta": {
        "t": "euclidean",
        "d": 7,
        "c": 3,
        "n": 10,
        "v": 1,
        "o": 100,
        "r": 8
    },
    "num_carriers": 3,
    "max_vehicle_load": 999999999,
    "max_tour_distance": 999999999,
    "max_tour_duration": 999999999,
    "carriers_max_num_tours": 1,
    "requests": [
        0,
        1,
        2,
        3,
        4,
        5,
        6,
        7,
        8,
        9,
        10,
        11,
        12,
        13,
        14,
        15,
        16,
        17,
        18,
        19,
        20,
        21,
        22,
        23,
        24,
        25,
        26,
        27,
        28,
        29
    ],
    "num_requests": 30,
    "num_requests_per_carrier": 10,
    "vertex_x_coords": [
        19.5,
        9.000000000000002,
        8.999999999999996,
        20.633814424878018,
        9.439611327547484,
        20.563554357182454,
        19.31289887341478,
        22.669669860888938,
        0.8001817058842647,
        15.845586093864139,
        21.09352691291562,
        6.218938343952002,
        2.5384145324261613,
        15.37546127507966,
        8.635233179079702,
        7.274702988334397,
        7.099420284693056,
        0.8626504996894907,
        21.371850244881653,
        8.892905582009961,
        9.667166470280122,
        8.19175800843637,
        9.411560257546775,
        19.382988761547303,
        8.432139785382569,
        11.020683007447927,
        20.356436955001712,
        20.384554046659844,
        2.006664517155593,
        19.508559029142027,
        14.836264594744375,
        20.536436074217743,
        10.187875061867658
    ],
    "vertex_y_coords": [
        12.5,
        18.562177826491073,
        6.4378221735089305,
        4.390600027831301,
        5.232807970722858,
        12.636094512082286,
        1.8799007600125262,
        23.11863748607182,
        15.891939789298204,
        3.531501356166575,
        12.598113919421655,
        14.463432515862596,
        2.0689923206932748,
        14.486583410067361,
        22.5086915449387,
        20.869591955389506,
        20.737563076444097,
        19.73476455948453,
        13.071769348741103,
        9.105739792583423,
        8.245734680500194,
        15.470374326060735,
        0.7060114465265832,
        24.522797987076686,
        5.765205360249611,
        3.9479502769641406,
        2.6935766728009956,
        7.015742148815934,
        18.251517779199126,
        4.579347368774004,
        22.345966719770505,
        11.823156584153699,
        12.58423625910035
    ],
    "request_to_carrier_assignment": [
        0,
        0,
        0,
        0,
        0,
        0,
        0,
        0,
        0,
        0,
        1,
        1,
        1,
        1,
        1,
        1,
        1,
        1,
        1,
        1,
        2,
        2,
        2,
        2,
        2,
        2,
        2,
        2,
        2,
        2
    ],
    "request_disclosure_time": [
        "0001-01-01T00:00:00",
        "0001-01-01T03:24:00",
        "0001-01-01T06:48:00",
        "0001-01-01T10:12:00",
        "0001-01-01T13:36:00",
        "0001-01-01T17:00:00",
        "0001-01-01T20:24:00",
        "0001-01-01T23:48:00",
        "0001-01-02T03:12:00",
        "0001-01-02T06:36:00",
        "0001-01-01T00:00:00",
        "0001-01-01T03:24:00",
        "0001-01-01T06:48:00",
        "0001-01-01T10:12:00",
        "0001-01-01T13:36:00",
        "0001-01-01T17:00:00",
        "0001-01-01T20:24:00",
        "0001-01-01T23:48:00",
        "0001-01-02T03:12:00",
        "0001-01-02T06:36:00",
        "0001-01-01T00:00:00",
        "0001-01-01T03:24:00",
        "0001-01-01T06:48:00",
        "0001-01-01T10:12:00",
        "0001-01-01T13:36:00",
        "0001-01-01T17:00:00",
        "0001-01-01T20:24:00",
        "0001-01-01T23:48:00",
        "0001-01-02T03:12:00",
        "0001-01-02T06:36:00"
    ],
    "vertex_revenue": [
        0,
        0,
        0,
        1,
        1,
        1,
        1,
        1,
        1,
        1,
        1,
        1,
        1,
        1,
        1,
        1,
        1,
        1,
        1,
        1,
        1,
        1,
        1,
        1,
        1,
        1,
        1,
        1,
        1,
        1,
        1,
        1,
        1
    ],
    "vertex_load": [
        0,
        0,
        0,
        1,
        1,
        1,
        1,
        1,
        1,
        1,
        1,
        1,
        1,
        1,
        1,
        1,
        1,
        1,
        1,
        1,
        1,
        1,
        1,
        1,
        1,
        1,
        1,
        1,
        1,
        1,
        1,
        1,
        1
    ],
    "vertex_service_duration": [
        0,
        0,
        0,
        240.0,
        240.0,
        240.0,
        240.0,
        240.0,
        240.0,
        240.0,
        240.0,
        240.0,
        240.0,
        240.0,
        240.0,
        240.0,
        240.0,
        240.0,
        240.0,
        240.0,
        240.0,
        240.0,
        240.0,
        240.0,
        240.0,
        240.0,
        240.0,
        240.0,
        240.0,
        240.0,
        240.0,
        240.0,
        240.0
    ],
    "tw_open": [
        "0001-01-02T10:00:00",
        "0001-01-02T10:00:00",
        "0001-01-02T10:00:00",
        "0001-01-02T10:00:00",
        "0001-01-02T10:00:00",
        "0001-01-02T10:00:00",
        "0001-01-02T10:00:00",
        "0001-01-02T10:00:00",
        "0001-01-02T10:00:00",
        "0001-01-02T10:00:00",
        "0001-01-02T10:00:00",
        "0001-01-02T10:00:00",
        "0001-01-02T10:00:00",
        "0001-01-02T10:00:00",
        "0001-01-02T10:00:00",
        "0001-01-02T10:00:00",
        "0001-01-02T10:00:00",
        "0001-01-02T10:00:00",
        "0001-01-02T10:00:00",
        "0001-01-02T10:00:00",
        "0001-01-02T10:00:00",
        "0001-01-02T10:00:00",
        "0001-01-02T10:00:00",
        "0001-01-02T10:00:00",
        "0001-01-02T10:00:00",
        "0001-01-02T10:00:00",
        "0001-01-02T10:00:00",
        "0001-01-02T10:00:00",
        "0001-01-02T10:00:00",
        "0001-01-02T10:00:00",
        "0001-01-02T10:00:00",
        "0001-01-02T10:00:00",
        "0001-01-02T10:00:00"
    ],
    "tw_close": [
        "0001-01-02T18:00:00",
        "0001-01-02T18:00:00",
        "0001-01-02T18:00:00",
        "0001-01-02T18:00:00",
        "0001-01-02T18:00:00",
        "0001-01-02T18:00:00",
        "0001-01-02T18:00:00",
        "0001-01-02T18:00:00",
        "0001-01-02T18:00:00",
        "0001-01-02T18:00:00",
        "0001-01-02T18:00:00",
        "0001-01-02T18:00:00",
        "0001-01-02T18:00:00",
        "0001-01-02T18:00:00",
        "0001-01-02T18:00:00",
        "0001-01-02T18:00:00",
        "0001-01-02T18:00:00",
        "0001-01-02T18:00:00",
        "0001-01-02T18:00:00",
        "0001-01-02T18:00:00",
        "0001-01-02T18:00:00",
        "0001-01-02T18:00:00",
        "0001-01-02T18:00:00",
        "0001-01-02T18:00:00",
        "0001-01-02T18:00:00",
        "0001-01-02T18:00:00",
        "0001-01-02T18:00:00",
        "0001-01-02T18:00:00",
        "0001-01-02T18:00:00",
        "0001-01-02T18:00:00",
        "0001-01-02T18:00:00",
        "0001-01-02T18:00:00",
        "0001-01-02T18:00:00"
    ],
    "_travel_duration_matrix": [
        [
            0.0,
            1455.0,
            1455.0,
            983.0,
            1490.0,
            129.0,
            1275.0,
            1330.0,
            2281.0,
            1163.0,
            192.0,
            1612.0,
            2390.0,
            550.0,
            1773.0,
            1778.0,
            1787.0,
            2400.0,
            235.0,
            1337.0,
            1286.0,
            1404.0,
            1863.0,
            1443.0,
            1555.0,
            1446.0,
            1182.0,
            667.0,
            2210.0,
            951.0,
            1308.0,
            149.0,
            1118.0
        ],
        [
            1455.0,
            0.0,
            1455.0,
            2201.0,
            1601.0,
            1560.0,
            2354.0,
            1730.0,
            1035.0,
            1982.0,
            1619.0,
            595.0,
            2126.0,
            909.0,
            476.0,
            346.0,
            347.0,
            987.0,
            1625.0,
            1135.0,
            1241.0,
            384.0,
            2144.0,
            1437.0,
            1538.0,
            1771.0,
            2342.0,
            1946.0,
            841.0,
            2099.0,
            835.0,
            1604.0,
            732.0
        ],
        [
            1455.0,
            1455.0,
            0.0,
            1418.0,
            154.0,
            1575.0,
            1354.0,
            2588.0,
            1502.0,
            893.0,
            1629.0,
            1020.0,
            936.0,
            1233.0,
            1930.0,
            1745.0,
            1732.0,
            1871.0,
            1685.0,
            321.0,
            232.0,
            1089.0,
            690.0,
            2503.0,
            106.0,
            385.0,
            1435.0,
            1368.0,
            1648.0,
            1281.0,
            2034.0,
            1528.0,
            752.0
        ],
        [
            983.0,
            2201.0,
            1418.0,
            0.0,
            1348.0,
            990.0,
            341.0,
            2261.0,
            2752.0,
            584.0,
            987.0,
            2111.0,
            2190.0,
            1366.0,
            2608.0,
            2546.0,
            2547.0,
            3004.0,
            1046.0,
            1519.0,
            1395.0,
            2000.0,
            1418.0,
            2421.0,
            1474.0,
            1155.0,
            207.0,
            317.0,
            2787.0,
            137.0,
            2265.0,
            892.0,
            1594.0
        ],
        [
            1490.0,
            1601.0,
            154.0,
            1348.0,
            0.0,
            1604.0,
            1252.0,
            2670.0,
            1647.0,
            796.0,
            1655.0,
            1174.0,
            912.0,
            1320.0,
            2076.0,
            1895.0,
            1882.0,
            2022.0,
            1714.0,
            470.0,
            363.0,
            1238.0,
            544.0,
            2605.0,
            137.0,
            245.0,
            1345.0,
            1331.0,
            1799.0,
            1211.0,
            2154.0,
            1549.0,
            887.0
        ],
        [
            129.0,
            1560.0,
            1575.0,
            990.0,
            1604.0,
            0.0,
            1300.0,
            1284.0,
            2404.0,
            1231.0,
            64.0,
            1736.0,
            2508.0,
            661.0,
            1859.0,
            1876.0,
            1886.0,
            2513.0,
            111.0,
            1464.0,
            1410.0,
            1524.0,
            1960.0,
            1434.0,
            1674.0,
            1549.0,
            1194.0,
            675.0,
            2327.0,
            976.0,
            1353.0,
            98.0,
            1246.0
        ],
        [
            1275.0,
            2354.0,
            1354.0,
            341.0,
            1252.0,
            1300.0,
            0.0,
            2581.0,
            2787.0,
            461.0,
            1304.0,
            2180.0,
            2014.0,
            1585.0,
            2788.0,
            2699.0,
            2697.0,
            3082.0,
            1366.0,
            1522.0,
            1387.0,
            2108.0,
            1197.0,
            2718.0,
            1387.0,
            1026.0,
            159.0,
            630.0,
            2859.0,
            325.0,
            2514.0,
            1203.0,
            1688.0
        ],
        [
            1330.0,
            1730.0,
            2588.0,
            2261.0,
            2670.0,
            1284.0,
            2581.0,
            0.0,
            2764.0,
            2490.0,
            1277.0,
            2231.0,
            3496.0,
            1357.0,
            1686.0,
            1868.0,
            1891.0,
            2649.0,
            1216.0,
            2359.0,
            2371.0,
            1965.0,
            3125.0,
            429.0,
            2694.0,
            2692.0,
            2467.0,
            1952.0,
            2548.0,
            2257.0,
            945.0,
            1380.0,
            1960.0
        ],
        [
            2281.0,
            1035.0,
            1502.0,
            2752.0,
            1647.0,
            2404.0,
            2787.0,
            2764.0,
            0.0,
            2337.0,
            2468.0,
            673.0,
            1672.0,
            1758.0,
            1231.0,
            981.0,
            954.0,
            462.0,
            2492.0,
            1268.0,
            1406.0,
            889.0,
            2095.0,
            2459.0,
            1522.0,
            1887.0,
            2832.0,
            2581.0,
            319.0,
            2624.0,
            1854.0,
            2419.0,
            1195.0
        ],
        [
            1163.0,
            1982.0,
            893.0,
            584.0,
            796.0,
            1231.0,
            461.0,
            2490.0,
            2337.0,
            0.0,
            1258.0,
            1748.0,
            1607.0,
            1316.0,
            2437.0,
            2321.0,
            2317.0,
            2649.0,
            1324.0,
            1070.0,
            933.0,
            1702.0,
            844.0,
            2555.0,
            930.0,
            582.0,
            551.0,
            687.0,
            2425.0,
            458.0,
            2261.0,
            1144.0,
            1282.0
        ],
        [
            192.0,
            1619.0,
            1629.0,
            987.0,
            1655.0,
            64.0,
            1304.0,
            1277.0,
            2468.0,
            1258.0,
            0.0,
            1799.0,
            2561.0,
            723.0,
            1911.0,
            1933.0,
            1943.0,
            2575.0,
            66.0,
            1523.0,
            1468.0,
            1587.0,
            2001.0,
            1446.0,
            1727.0,
            1594.0,
            1192.0,
            676.0,
            2389.0,
            981.0,
            1391.0,
            115.0,
            1309.0
        ],
        [
            1612.0,
            595.0,
            1020.0,
            2111.0,
            1174.0,
            1736.0,
            2180.0,
            2231.0,
            673.0,
            1748.0,
            1799.0,
            0.0,
            1552.0,
            1099.0,
            1009.0,
            780.0,
            761.0,
            902.0,
            1827.0,
            719.0,
            854.0,
            266.0,
            1695.0,
            1989.0,
            1078.0,
            1388.0,
            2208.0,
            1921.0,
            680.0,
            1988.0,
            1402.0,
            1748.0,
            527.0
        ],
        [
            2390.0,
            2126.0,
            936.0,
            2190.0,
            912.0,
            2508.0,
            2014.0,
            3496.0,
            1672.0,
            1607.0,
            2561.0,
            1552.0,
            0.0,
            2144.0,
            2560.0,
            2327.0,
            2307.0,
            2130.0,
            2618.0,
            1138.0,
            1132.0,
            1746.0,
            841.0,
            3369.0,
            835.0,
            1043.0,
            2140.0,
            2223.0,
            1943.0,
            2059.0,
            2846.0,
            2457.0,
            1561.0
        ],
        [
            550.0,
            909.0,
            1233.0,
            1366.0,
            1320.0,
            661.0,
            1585.0,
            1357.0,
            1758.0,
            1316.0,
            723.0,
            1099.0,
            2144.0,
            0.0,
            1258.0,
            1238.0,
            1245.0,
            1852.0,
            740.0,
            1011.0,
            1015.0,
            871.0,
            1802.0,
            1297.0,
            1338.0,
            1369.0,
            1537.0,
            1080.0,
            1667.0,
            1289.0,
            946.0,
            697.0,
            664.0
        ],
        [
            1773.0,
            476.0,
            1930.0,
            2608.0,
            2076.0,
            1859.0,
            2788.0,
            1686.0,
            1231.0,
            2437.0,
            1911.0,
            1009.0,
            2560.0,
            1258.0,
            0.0,
            256.0,
            282.0,
            991.0,
            1903.0,
            1609.0,
            1717.0,
            847.0,
            2618.0,
            1313.0,
            2010.0,
            2246.0,
            2763.0,
            2334.0,
            946.0,
            2517.0,
            745.0,
            1920.0,
            1206.0
        ],
        [
            1778.0,
            346.0,
            1745.0,
            2546.0,
            1895.0,
            1876.0,
            2699.0,
            1868.0,
            981.0,
            2321.0,
            1933.0,
            780.0,
            2327.0,
            1238.0,
            256.0,
            0.0,
            27.0,
            782.0,
            1934.0,
            1425.0,
            1542.0,
            658.0,
            2434.0,
            1518.0,
            1818.0,
            2080.0,
            2688.0,
            2289.0,
            706.0,
            2445.0,
            925.0,
            1927.0,
            1054.0
        ],
        [
            1787.0,
            347.0,
            1732.0,
            2547.0,
            1882.0,
            1886.0,
            2697.0,
            1891.0,
            954.0,
            2317.0,
            1943.0,
            761.0,
            2307.0,
            1245.0,
            282.0,
            27.0,
            0.0,
            759.0,
            1945.0,
            1413.0,
            1531.0,
            646.0,
            2420.0,
            1543.0,
            1804.0,
            2069.0,
            2687.0,
            2292.0,
            681.0,
            2445.0,
            949.0,
            1936.0,
            1047.0
        ],
        [
            2400.0,
            987.0,
            1871.0,
            3004.0,
            2022.0,
            2513.0,
            3082.0,
            2649.0,
            462.0,
            2649.0,
            2575.0,
            902.0,
            2130.0,
            1852.0,
            991.0,
            782.0,
            759.0,
            0.0,
            2588.0,
            1599.0,
            1737.0,
            1018.0,
            2504.0,
            2296.0,
            1907.0,
            2253.0,
            3108.0,
            2796.0,
            225.0,
            2884.0,
            1706.0,
            2545.0,
            1411.0
        ],
        [
            235.0,
            1625.0,
            1685.0,
            1046.0,
            1714.0,
            111.0,
            1366.0,
            1216.0,
            2492.0,
            1324.0,
            66.0,
            1827.0,
            2618.0,
            740.0,
            1903.0,
            1934.0,
            1945.0,
            2588.0,
            0.0,
            1572.0,
            1520.0,
            1608.0,
            2065.0,
            1395.0,
            1784.0,
            1656.0,
            1252.0,
            737.0,
            2406.0,
            1044.0,
            1362.0,
            181.0,
            1344.0
        ],
        [
            1337.0,
            1135.0,
            321.0,
            1519.0,
            470.0,
            1464.0,
            1522.0,
            2359.0,
            1268.0,
            1070.0,
            1523.0,
            719.0,
            1138.0,
            1011.0,
            1609.0,
            1425.0,
            1413.0,
            1599.0,
            1572.0,
            0.0,
            139.0,
            769.0,
            1010.0,
            2238.0,
            405.0,
            670.0,
            1577.0,
            1402.0,
            1374.0,
            1385.0,
            1742.0,
            1435.0,
            446.0
        ],
        [
            1286.0,
            1241.0,
            232.0,
            1395.0,
            363.0,
            1410.0,
            1387.0,
            2371.0,
            1406.0,
            933.0,
            1468.0,
            854.0,
            1132.0,
            1015.0,
            1717.0,
            1542.0,
            1531.0,
            1737.0,
            1520.0,
            139.0,
            0.0,
            885.0,
            906.0,
            2275.0,
            333.0,
            541.0,
            1446.0,
            1295.0,
            1513.0,
            1261.0,
            1803.0,
            1374.0,
            525.0
        ],
        [
            1404.0,
            384.0,
            1089.0,
            2000.0,
            1238.0,
            1524.0,
            2108.0,
            1965.0,
            889.0,
            1702.0,
            1587.0,
            266.0,
            1746.0,
            871.0,
            847.0,
            658.0,
            646.0,
            1018.0,
            1608.0,
            769.0,
            885.0,
            0.0,
            1778.0,
            1728.0,
            1165.0,
            1424.0,
            2117.0,
            1781.0,
            814.0,
            1885.0,
            1148.0,
            1545.0,
            422.0
        ],
        [
            1863.0,
            2144.0,
            690.0,
            1418.0,
            544.0,
            1960.0,
            1197.0,
            3125.0,
            2095.0,
            844.0,
            2001.0,
            1695.0,
            841.0,
            1802.0,
            2618.0,
            2434.0,
            2420.0,
            2504.0,
            2065.0,
            1010.0,
            906.0,
            1778.0,
            0.0,
            3099.0,
            619.0,
            435.0,
            1335.0,
            1519.0,
            2286.0,
            1298.0,
            2678.0,
            1888.0,
            1429.0
        ],
        [
            1443.0,
            1437.0,
            2503.0,
            2421.0,
            2605.0,
            1434.0,
            2718.0,
            429.0,
            2459.0,
            2555.0,
            1446.0,
            1989.0,
            3369.0,
            1297.0,
            1313.0,
            1518.0,
            1543.0,
            2296.0,
            1395.0,
            2238.0,
            2275.0,
            1728.0,
            3099.0,
            0.0,
            2607.0,
            2666.0,
            2623.0,
            2105.0,
            2217.0,
            2394.0,
            605.0,
            1531.0,
            1809.0
        ],
        [
            1555.0,
            1538.0,
            106.0,
            1474.0,
            137.0,
            1674.0,
            1387.0,
            2694.0,
            1522.0,
            930.0,
            1727.0,
            1078.0,
            835.0,
            1338.0,
            2010.0,
            1818.0,
            1804.0,
            1907.0,
            1784.0,
            405.0,
            333.0,
            1165.0,
            619.0,
            2607.0,
            0.0,
            380.0,
            1478.0,
            1443.0,
            1686.0,
            1337.0,
            2133.0,
            1625.0,
            845.0
        ],
        [
            1446.0,
            1771.0,
            385.0,
            1155.0,
            245.0,
            1549.0,
            1026.0,
            2692.0,
            1887.0,
            582.0,
            1594.0,
            1388.0,
            1043.0,
            1369.0,
            2246.0,
            2080.0,
            2069.0,
            2253.0,
            1656.0,
            670.0,
            541.0,
            1424.0,
            435.0,
            2666.0,
            380.0,
            0.0,
            1131.0,
            1183.0,
            2029.0,
            1022.0,
            2255.0,
            1483.0,
            1042.0
        ],
        [
            1182.0,
            2342.0,
            1435.0,
            207.0,
            1345.0,
            1194.0,
            159.0,
            2467.0,
            2832.0,
            551.0,
            1192.0,
            2208.0,
            2140.0,
            1537.0,
            2763.0,
            2688.0,
            2687.0,
            3108.0,
            1252.0,
            1577.0,
            1446.0,
            2117.0,
            1335.0,
            2623.0,
            1478.0,
            1131.0,
            0.0,
            519.0,
            2887.0,
            249.0,
            2450.0,
            1096.0,
            1703.0
        ],
        [
            667.0,
            1946.0,
            1368.0,
            317.0,
            1331.0,
            675.0,
            630.0,
            1952.0,
            2581.0,
            687.0,
            676.0,
            1921.0,
            2223.0,
            1080.0,
            2334.0,
            2289.0,
            2292.0,
            2796.0,
            737.0,
            1402.0,
            1295.0,
            1781.0,
            1519.0,
            2105.0,
            1443.0,
            1183.0,
            519.0,
            0.0,
            2585.0,
            311.0,
            1957.0,
            578.0,
            1395.0
        ],
        [
            2210.0,
            841.0,
            1648.0,
            2787.0,
            1799.0,
            2327.0,
            2859.0,
            2548.0,
            319.0,
            2425.0,
            2389.0,
            680.0,
            1943.0,
            1667.0,
            946.0,
            706.0,
            681.0,
            225.0,
            2406.0,
            1374.0,
            1513.0,
            814.0,
            2286.0,
            2217.0,
            1686.0,
            2029.0,
            2887.0,
            2585.0,
            0.0,
            2666.0,
            1617.0,
            2354.0,
            1195.0
        ],
        [
            951.0,
            2099.0,
            1281.0,
            137.0,
            1211.0,
            976.0,
            325.0,
            2257.0,
            2624.0,
            458.0,
            981.0,
            1988.0,
            2059.0,
            1289.0,
            2517.0,
            2445.0,
            2445.0,
            2884.0,
            1044.0,
            1385.0,
            1261.0,
            1885.0,
            1298.0,
            2394.0,
            1337.0,
            1022.0,
            249.0,
            311.0,
            2666.0,
            0.0,
            2205.0,
            878.0,
            1475.0
        ],
        [
            1308.0,
            835.0,
            2034.0,
            2265.0,
            2154.0,
            1353.0,
            2514.0,
            945.0,
            1854.0,
            2261.0,
            1391.0,
            1402.0,
            2846.0,
            946.0,
            745.0,
            925.0,
            949.0,
            1706.0,
            1362.0,
            1742.0,
            1803.0,
            1148.0,
            2678.0,
            605.0,
            2133.0,
            2255.0,
            2450.0,
            1957.0,
            1617.0,
            2205.0,
            0.0,
            1437.0,
            1298.0
        ],
        [
            149.0,
            1604.0,
            1528.0,
            892.0,
            1549.0,
            98.0,
            1203.0,
            1380.0,
            2419.0,
            1144.0,
            115.0,
            1748.0,
            2457.0,
            697.0,
            1920.0,
            1927.0,
            1936.0,
            2545.0,
            181.0,
            1435.0,
            1374.0,
            1545.0,
            1888.0,
            1531.0,
            1625.0,
            1483.0,
            1096.0,
            578.0,
            2354.0,
            878.0,
            1437.0,
            0.0,
            1246.0
        ],
        [
            1118.0,
            732.0,
            752.0,
            1594.0,
            887.0,
            1246.0,
            1688.0,
            1960.0,
            1195.0,
            1282.0,
            1309.0,
            527.0,
            1561.0,
            664.0,
            1206.0,
            1054.0,
            1047.0,
            1411.0,
            1344.0,
            446.0,
            525.0,
            422.0,
            1429.0,
            1809.0,
            845.0,
            1042.0,
            1703.0,
            1395.0,
            1195.0,
            1475.0,
            1298.0,
            1246.0,
            0.0
        ]
    ],
    "_travel_distance_matrix": [
        [
            0,
            13,
            13,
            9,
            13,
            2,
            11,
            12,
            20,
            10,
            2,
            14,
            20,
            5,
            15,
            15,
            15,
            20,
            2,
            12,
            11,
            12,
            16,
            13,
            13,
            13,
            10,
            6,
            19,
            8,
            11,
            2,
            10
        ],
        [
            13,
            0,
            13,
            19,
            14,
            13,
            20,
            15,
            9,
            17,
            14,
            5,
            18,
            8,
            4,
            3,
            3,
            9,
            14,
            10,
            11,
            4,
            18,
            12,
            13,
            15,
            20,
            17,
            8,
            18,
            7,
            14,
            7
        ],
        [
            13,
            13,
            0,
            12,
            2,
            14,
            12,
            22,
            13,
            8,
            14,
            9,
            8,
            11,
            17,
            15,
            15,
            16,
            15,
            3,
            2,
            10,
            6,
            21,
            1,
            4,
            12,
            12,
            14,
            11,
            17,
            13,
            7
        ],
        [
            9,
            19,
            12,
            0,
            12,
            9,
            3,
            19,
            23,
            5,
            9,
            18,
            19,
            12,
            22,
            22,
            22,
            26,
            9,
            13,
            12,
            17,
            12,
            21,
            13,
            10,
            2,
            3,
            24,
            2,
            19,
            8,
            14
        ],
        [
            13,
            14,
            2,
            12,
            0,
            14,
            11,
            23,
            14,
            7,
            14,
            10,
            8,
            11,
            18,
            16,
            16,
            17,
            15,
            4,
            4,
            11,
            5,
            22,
            2,
            3,
            12,
            12,
            15,
            11,
            18,
            13,
            8
        ],
        [
            2,
            13,
            14,
            9,
            14,
            0,
            11,
            11,
            21,
            11,
            1,
            15,
            21,
            6,
            16,
            16,
            16,
            21,
            1,
            13,
            12,
            13,
            17,
            12,
            14,
            13,
            10,
            6,
            20,
            9,
            12,
            1,
            11
        ],
        [
            11,
            20,
            12,
            3,
            11,
            11,
            0,
            22,
            24,
            4,
            11,
            19,
            17,
            14,
            24,
            23,
            23,
            26,
            12,
            13,
            12,
            18,
            10,
            23,
            12,
            9,
            2,
            6,
            24,
            3,
            21,
            11,
            15
        ],
        [
            12,
            15,
            22,
            19,
            23,
            11,
            22,
            0,
            24,
            21,
            11,
            19,
            30,
            12,
            15,
            16,
            16,
            23,
            11,
            20,
            20,
            17,
            27,
            4,
            23,
            23,
            21,
            17,
            22,
            19,
            8,
            12,
            17
        ],
        [
            20,
            9,
            13,
            23,
            14,
            21,
            24,
            24,
            0,
            20,
            21,
            6,
            14,
            15,
            11,
            9,
            8,
            4,
            21,
            11,
            12,
            8,
            18,
            21,
            13,
            16,
            24,
            22,
            3,
            22,
            16,
            21,
            10
        ],
        [
            10,
            17,
            8,
            5,
            7,
            11,
            4,
            21,
            20,
            0,
            11,
            15,
            14,
            11,
            21,
            20,
            20,
            23,
            12,
            9,
            8,
            15,
            8,
            22,
            8,
            5,
            5,
            6,
            21,
            4,
            19,
            10,
            11
        ],
        [
            2,
            14,
            14,
            9,
            14,
            1,
            11,
            11,
            21,
            11,
            0,
            15,
            22,
            7,
            16,
            17,
            17,
            22,
            1,
            13,
            13,
            14,
            17,
            13,
            15,
            14,
            10,
            6,
            20,
            9,
            12,
            1,
            11
        ],
        [
            14,
            5,
            9,
            18,
            10,
            15,
            19,
            19,
            6,
            15,
            15,
            0,
            13,
            10,
            9,
            7,
            7,
            8,
            16,
            6,
            8,
            3,
            15,
            17,
            9,
            12,
            19,
            17,
            6,
            17,
            12,
            15,
            5
        ],
        [
            20,
            18,
            8,
            19,
            8,
            21,
            17,
            30,
            14,
            14,
            22,
            13,
            0,
            18,
            22,
            20,
            20,
            18,
            22,
            10,
            10,
            15,
            8,
            29,
            7,
            9,
            18,
            19,
            17,
            18,
            24,
            21,
            14
        ],
        [
            5,
            8,
            11,
            12,
            11,
            6,
            14,
            12,
            15,
            11,
            7,
            10,
            18,
            0,
            11,
            11,
            11,
            16,
            7,
            9,
            9,
            8,
            16,
            11,
            12,
            12,
            13,
            9,
            14,
            11,
            8,
            6,
            6
        ],
        [
            15,
            4,
            17,
            22,
            18,
            16,
            24,
            15,
            11,
            21,
            16,
            9,
            22,
            11,
            0,
            3,
            3,
            9,
            16,
            14,
            15,
            8,
            22,
            11,
            17,
            19,
            24,
            20,
            8,
            21,
            7,
            16,
            11
        ],
        [
            15,
            3,
            15,
            22,
            16,
            16,
            23,
            16,
            9,
            20,
            17,
            7,
            20,
            11,
            3,
            0,
            1,
            7,
            17,
            12,
            13,
            6,
            21,
            13,
            16,
            18,
            23,
            20,
            6,
            21,
            8,
            17,
            9
        ],
        [
            15,
            3,
            15,
            22,
            16,
            16,
            23,
            16,
            8,
            20,
            17,
            7,
            20,
            11,
            3,
            1,
            0,
            7,
            17,
            12,
            13,
            6,
            21,
            13,
            16,
            18,
            23,
            20,
            6,
            21,
            8,
            17,
            9
        ],
        [
            20,
            9,
            16,
            26,
            17,
            21,
            26,
            23,
            4,
            23,
            22,
            8,
            18,
            16,
            9,
            7,
            7,
            0,
            22,
            14,
            15,
            9,
            21,
            20,
            16,
            19,
            26,
            24,
            2,
            25,
            15,
            22,
            12
        ],
        [
            2,
            14,
            15,
            9,
            15,
            1,
            12,
            11,
            21,
            12,
            1,
            16,
            22,
            7,
            16,
            17,
            17,
            22,
            0,
            14,
            13,
            14,
            18,
            12,
            15,
            14,
            11,
            7,
            21,
            9,
            12,
            2,
            12
        ],
        [
            12,
            10,
            3,
            13,
            4,
            13,
            13,
            20,
            11,
            9,
            13,
            6,
            10,
            9,
