{
    "_id_": "t=euclidean+d=7+c=3+n=05+v=3+o=100+r=11",
    "meta": {
        "t": "euclidean",
        "d": 7,
        "c": 3,
        "n": 5,
        "v": 3,
        "o": 100,
        "r": 11
    },
    "num_carriers": 3,
    "max_vehicle_load": 999999999,
    "max_tour_distance": 999999999,
    "max_tour_duration": 999999999,
    "carriers_max_num_tours": 3,
    "requests": [
        0,
        1,
        2,
        3,
        4,
        5,
        6,
        7,
        8,
        9,
        10,
        11,
        12,
        13,
        14
    ],
    "num_requests": 15,
    "num_requests_per_carrier": 5,
    "vertex_x_coords": [
        19.5,
        9.000000000000002,
        8.999999999999996,
        20.633814424878018,
        9.439611327547484,
        20.563554357182454,
        19.31289887341478,
        22.669669860888938,
        0.8001817058842647,
        15.845586093864139,
        21.09352691291562,
        6.218938343952002,
        2.5384145324261613,
        15.37546127507966,
        8.635233179079702,
        7.274702988334397,
        7.099420284693056,
        0.8626504996894907
    ],
    "vertex_y_coords": [
        12.5,
        18.562177826491073,
        6.4378221735089305,
        4.390600027831301,
        5.232807970722858,
        12.636094512082286,
        1.8799007600125262,
        23.11863748607182,
        15.891939789298204,
        3.531501356166575,
        12.598113919421655,
        14.463432515862596,
        2.0689923206932748,
        14.486583410067361,
        22.5086915449387,
        20.869591955389506,
        20.737563076444097,
        19.73476455948453
    ],
    "request_to_carrier_assignment": [
        0,
        0,
        0,
        0,
        0,
        1,
        1,
        1,
        1,
        1,
        2,
        2,
        2,
        2,
        2
    ],
    "request_disclosure_time": [
        "0001-01-01T00:00:00",
        "0001-01-01T06:48:00",
        "0001-01-01T13:36:00",
        "0001-01-01T20:24:00",
        "0001-01-02T03:12:00",
        "0001-01-01T00:00:00",
        "0001-01-01T06:48:00",
        "0001-01-01T13:36:00",
        "0001-01-01T20:24:00",
        "0001-01-02T03:12:00",
        "0001-01-01T00:00:00",
        "0001-01-01T06:48:00",
        "0001-01-01T13:36:00",
        "0001-01-01T20:24:00",
        "0001-01-02T03:12:00"
    ],
    "vertex_revenue": [
        0,
        0,
        0,
        1,
        1,
        1,
        1,
        1,
        1,
        1,
        1,
        1,
        1,
        1,
        1,
        1,
        1,
        1
    ],
    "vertex_load": [
        0,
        0,
        0,
        1,
        1,
        1,
        1,
        1,
        1,
        1,
        1,
        1,
        1,
        1,
        1,
        1,
        1,
        1
    ],
    "vertex_service_duration": [
        0,
        0,
        0,
        240.0,
        240.0,
        240.0,
        240.0,
        240.0,
        240.0,
        240.0,
        240.0,
        240.0,
        240.0,
        240.0,
        240.0,
        240.0,
        240.0,
        240.0
    ],
    "tw_open": [
        "0001-01-02T10:00:00",
        "0001-01-02T10:00:00",
        "0001-01-02T10:00:00",
        "0001-01-02T10:00:00",
        "0001-01-02T10:00:00",
        "0001-01-02T10:00:00",
        "0001-01-02T10:00:00",
        "0001-01-02T10:00:00",
        "0001-01-02T10:00:00",
        "0001-01-02T10:00:00",
        "0001-01-02T10:00:00",
        "0001-01-02T10:00:00",
        "0001-01-02T10:00:00",
        "0001-01-02T10:00:00",
        "0001-01-02T10:00:00",
        "0001-01-02T10:00:00",
        "0001-01-02T10:00:00",
        "0001-01-02T10:00:00"
    ],
    "tw_close": [
        "0001-01-02T18:00:00",
        "0001-01-02T18:00:00",
        "0001-01-02T18:00:00",
        "0001-01-02T18:00:00",
        "0001-01-02T18:00:00",
        "0001-01-02T18:00:00",
        "0001-01-02T18:00:00",
        "0001-01-02T18:00:00",
        "0001-01-02T18:00:00",
        "0001-01-02T18:00:00",
        "0001-01-02T18:00:00",
        "0001-01-02T18:00:00",
        "0001-01-02T18:00:00",
        "0001-01-02T18:00:00",
        "0001-01-02T18:00:00",
        "0001-01-02T18:00:00",
        "0001-01-02T18:00:00",
        "0001-01-02T18:00:00"
    ],
    "_travel_duration_matrix": [
        [
            0.0,
            1455.0,
            1455.0,
            983.0,
            1490.0,
            129.0,
            1275.0,
            1330.0,
            2281.0,
            1163.0,
            192.0,
            1612.0,
            2390.0,
            550.0,
            1773.0,
            1778.0,
            1787.0,
            2400.0
        ],
        [
            1455.0,
            0.0,
            1455.0,
            2201.0,
            1601.0,
            1560.0,
            2354.0,
            1730.0,
            1035.0,
            1982.0,
            1619.0,
            595.0,
            2126.0,
            909.0,
            476.0,
            346.0,
            347.0,
            987.0
        ],
        [
            1455.0,
            1455.0,
            0.0,
            1418.0,
            154.0,
            1575.0,
            1354.0,
            2588.0,
            1502.0,
            893.0,
            1629.0,
            1020.0,
            936.0,
            1233.0,
            1930.0,
            1745.0,
            1732.0,
            1871.0
        ],
        [
            983.0,
            2201.0,
            1418.0,
            0.0,
            1348.0,
            990.0,
            341.0,
            2261.0,
            2752.0,
            584.0,
            987.0,
            2111.0,
            2190.0,
            1366.0,
            2608.0,
            2546.0,
            2547.0,
            3004.0
        ],
        [
            1490.0,
            1601.0,
            154.0,
            1348.0,
            0.0,
            1604.0,
            1252.0,
            2670.0,
            1647.0,
            796.0,
            1655.0,
            1174.0,
            912.0,
            1320.0,
            2076.0,
            1895.0,
            1882.0,
            2022.0
        ],
        [
            129.0,
            1560.0,
            1575.0,
            990.0,
            1604.0,
            0.0,
            1300.0,
            1284.0,
            2404.0,
            1231.0,
            64.0,
            1736.0,
            2508.0,
            661.0,
            1859.0,
            1876.0,
            1886.0,
            2513.0
        ],
        [
            1275.0,
            2354.0,
            1354.0,
            341.0,
            1252.0,
            1300.0,
            0.0,
            2581.0,
            2787.0,
            461.0,
            1304.0,
            2180.0,
            2014.0,
            1585.0,
            2788.0,
            2699.0,
            2697.0,
            3082.0
        ],
        [
            1330.0,
            1730.0,
            2588.0,
            2261.0,
            2670.0,
            1284.0,
            2581.0,
            0.0,
            2764.0,
            2490.0,
            1277.0,
            2231.0,
            3496.0,
            1357.0,
            1686.0,
            1868.0,
            1891.0,
            2649.0
        ],
        [
            2281.0,
            1035.0,
            1502.0,
            2752.0,
            1647.0,
            2404.0,
            2787.0,
            2764.0,
            0.0,
            2337.0,
            2468.0,
            673.0,
            1672.0,
            1758.0,
            1231.0,
            981.0,
            954.0,
            462.0
        ],
        [
            1163.0,
            1982.0,
            893.0,
            584.0,
            796.0,
            1231.0,
            461.0,
            2490.0,
            2337.0,
            0.0,
            1258.0,
            1748.0,
            1607.0,
            1316.0,
            2437.0,
            2321.0,
            2317.0,
            2649.0
        ],
        [
            192.0,
            1619.0,
            1629.0,
            987.0,
            1655.0,
            64.0,
            1304.0,
            1277.0,
            2468.0,
            1258.0,
            0.0,
            1799.0,
            2561.0,
            723.0,
            1911.0,
            1933.0,
            1943.0,
            2575.0
        ],
        [
            1612.0,
            595.0,
            1020.0,
            2111.0,
            1174.0,
            1736.0,
            2180.0,
            2231.0,
            673.0,
            1748.0,
            1799.0,
            0.0,
            1552.0,
            1099.0,
            1009.0,
            780.0,
            761.0,
            902.0
        ],
        [
            2390.0,
            2126.0,
            936.0,
            2190.0,
            912.0,
            2508.0,
            2014.0,
            3496.0,
            1672.0,
            1607.0,
            2561.0,
            1552.0,
            0.0,
            2144.0,
            2560.0,
            2327.0,
            2307.0,
            2130.0
        ],
        [
            550.0,
            909.0,
            1233.0,
            1366.0,
            1320.0,
            661.0,
            1585.0,
            1357.0,
            1758.0,
            1316.0,
            723.0,
            1099.0,
            2144.0,
            0.0,
            1258.0,
            1238.0,
            1245.0,
            1852.0
        ],
        [
            1773.0,
            476.0,
            1930.0,
            2608.0,
            2076.0,
            1859.0,
            2788.0,
            1686.0,
            1231.0,
            2437.0,
            1911.0,
            1009.0,
            2560.0,
            1258.0,
            0.0,
            256.0,
            282.0,
            991.0
        ],
        [
            1778.0,
            346.0,
            1745.0,
            2546.0,
            1895.0,
            1876.0,
            2699.0,
            1868.0,
            981.0,
            2321.0,
            1933.0,
            780.0,
            2327.0,
            1238.0,
            256.0,
            0.0,
            27.0,
            782.0
        ],
        [
            1787.0,
            347.0,
            1732.0,
            2547.0,
            1882.0,
            1886.0,
            2697.0,
            1891.0,
            954.0,
            2317.0,
            1943.0,
            761.0,
            2307.0,
            1245.0,
            282.0,
            27.0,
            0.0,
            759.0
        ],
        [
            2400.0,
            987.0,
            1871.0,
            3004.0,
            2022.0,
            2513.0,
            3082.0,
            2649.0,
            462.0,
            2649.0,
            2575.0,
            902.0,
            2130.0,
            1852.0,
            991.0,
            782.0,
            759.0,
            0.0
        ]
    ],
    "_travel_distance_matrix": [
        [
            0,
            13,
            13,
            9,
            13,
            2,
            11,
            12,
            20,
            10,
            2,
            14,
            20,
            5,
            15,
            15,
            15,
            20
        ],
        [
            13,
            0,
            13,
            19,
            14,
            13,
            20,
            15,
            9,
            17,
            14,
            5,
            18,
            8,
            4,
            3,
            3,
            9
        ],
        [
            13,
            13,
            0,
            12,
            2,
            14,
            12,
            22,
            13,
            8,
            14,
            9,
            8,
            11,
            17,
            15,
            15,
            16
        ],
        [
            9,
            19,
            12,
            0,
            12,
            9,
            3,
            19,
            23,
            5,
            9,
            18,
            19,
            12,
            22,
            22,
            22,
            26
        ],
        [
            13,
            14,
            2,
            12,
            0,
            14,
            11,
            23,
            14,
            7,
            14,
            10,
            8,
            11,
            18,
            16,
            16,
            17
        ],
        [
            2,
            13,
            14,
            9,
            14,
            0,
            11,
            11,
            21,
            11,
            1,
            15,
            21,
            6,
            16,
            16,
            16,
            21
        ],
        [
            11,
            20,
            12,
            3,
            11,
            11,
            0,
            22,
            24,
            4,
            11,
            19,
            17,
            14,
            24,
            23,
            23,
            26
        ],
        [
            12,
            15,
            22,
            19,
            23,
            11,
            22,
            0,
            24,
            21,
            11,
            19,
            30,
            12,
            15,
            16,
            16,
            23
        ],
        [
            20,
            9,
            13,
            23,
            14,
            21,
            24,
            24,
            0,
            20,
            21,
            6,
            14,
            15,
            11,
            9,
            8,
            4
        ],
        [
            10,
            17,
            8,
            5,
            7,
            11,
            4,
            21,
            20,
            0,
            11,
            15,
            14,
            11,
            21,
            20,
            20,
            23
        ],
        [
            2,
            14,
            14,
            9,
            14,
            1,
            11,
            11,
            21,
            11,
            0,
            15,
            22,
            7,
            16,
            17,
            17,
            22
        ],
        [
            14,
            5,
            9,
            18,
            10,
            15,
            19,
            19,
            6,
            15,
            15,
            0,
            13,
            10,
            9,
            7,
            7,
            8
        ],
        [
            20,
            18,
            8,
            19,
            8,
            21,
            17,
            30,
            14,
            14,
            22,
            13,
            0,
            18,
            22,
            20,
            20,
            18
        ],
        [
            5,
            8,
            11,
            12,
            11,
            6,
            14,
            12,
            15,
            11,
            7,
            10,
            18,
            0,
            11,
            11,
            11,
            16
        ],
        [
            15,
            4,
            17,
            22,
            18,
            16,
            24,
            15,
            11,
            21,
            16,
            9,
            22,
            11,
            0,
            3,
            3,
            9
        ],
        [
            15,
            3,
            15,
            22,
            16,
            16,
            23,
            16,
            9,
            20,
            17,
            7,
            20,
            11,
            3,
            0,
            1,
            7
        ],
        [
            15,
            3,
            15,
            22,
            16,
            16,
            23,
            16,
            8,
            20,
            17,
            7,
            20,
            11,
            3,
            1,
            0,
            7
        ],
        [
            20,
            9,
            16,
            26,
            17,
            21,
            26,
            23,
            4,
            23,
            22,
            8,
            18,
            16,
            9,
            7,
            7,
            0
        ]
    ]
}