{
    "_id_": "t=euclidean+d=7+c=3+n=05+v=3+o=100+r=02",
    "meta": {
        "t": "euclidean",
        "d": 7,
        "c": 3,
        "n": 5,
        "v": 3,
        "o": 100,
        "r": 2
    },
    "num_carriers": 3,
    "max_vehicle_load": 999999999,
    "max_tour_distance": 999999999,
    "max_tour_duration": 999999999,
    "carriers_max_num_tours": 3,
    "requests": [
        0,
        1,
        2,
        3,
        4,
        5,
        6,
        7,
        8,
        9,
        10,
        11,
        12,
        13,
        14
    ],
    "num_requests": 15,
    "num_requests_per_carrier": 5,
    "vertex_x_coords": [
        19.5,
        9.000000000000002,
        8.999999999999996,
        1.7644526570139596,
        3.61906894700581,
        11.488335741442594,
        12.418237479622594,
        1.1306642923043564,
        12.206466480420474,
        7.181027850188642,
        6.978388008549211,
        20.557449957469633,
        5.218407295195221,
        21.405962507030885,
        24.55425561699001,
        5.139315179676681,
        12.263043971704018,
        12.557596103308914
    ],
    "vertex_y_coords": [
        12.5,
        18.562177826491073,
        6.4378221735089305,
        3.7717237472438687,
        15.262334231542848,
        24.971392745045968,
        4.261469783963262,
        17.732896729540908,
        15.349551861098004,
        3.712303372384873,
        18.131218803488288,
        19.969085714666686,
        22.724518969425457,
        4.589864701952015,
        18.975822995107077,
        2.3042210217211756,
        16.13826215853478,
        24.545800331671895
    ],
    "request_to_carrier_assignment": [
        0,
        0,
        0,
        0,
        0,
        1,
        1,
        1,
        1,
        1,
        2,
        2,
        2,
        2,
        2
    ],
    "request_disclosure_time": [
        "0001-01-01T00:00:00",
        "0001-01-01T06:48:00",
        "0001-01-01T13:36:00",
        "0001-01-01T20:24:00",
        "0001-01-02T03:12:00",
        "0001-01-01T00:00:00",
        "0001-01-01T06:48:00",
        "0001-01-01T13:36:00",
        "0001-01-01T20:24:00",
        "0001-01-02T03:12:00",
        "0001-01-01T00:00:00",
        "0001-01-01T06:48:00",
        "0001-01-01T13:36:00",
        "0001-01-01T20:24:00",
        "0001-01-02T03:12:00"
    ],
    "vertex_revenue": [
        0,
        0,
        0,
        1,
        1,
        1,
        1,
        1,
        1,
        1,
        1,
        1,
        1,
        1,
        1,
        1,
        1,
        1
    ],
    "vertex_load": [
        0,
        0,
        0,
        1,
        1,
        1,
        1,
        1,
        1,
        1,
        1,
        1,
        1,
        1,
        1,
        1,
        1,
        1
    ],
    "vertex_service_duration": [
        0,
        0,
        0,
        240.0,
        240.0,
        240.0,
        240.0,
        240.0,
        240.0,
        240.0,
        240.0,
        240.0,
        240.0,
        240.0,
        240.0,
        240.0,
        240.0,
        240.0
    ],
    "tw_open": [
        "0001-01-02T10:00:00",
        "0001-01-02T10:00:00",
        "0001-01-02T10:00:00",
        "0001-01-02T10:00:00",
        "0001-01-02T10:00:00",
        "0001-01-02T10:00:00",
        "0001-01-02T10:00:00",
        "0001-01-02T10:00:00",
        "0001-01-02T10:00:00",
        "0001-01-02T10:00:00",
        "0001-01-02T10:00:00",
        "0001-01-02T10:00:00",
        "0001-01-02T10:00:00",
        "0001-01-02T10:00:00",
        "0001-01-02T10:00:00",
        "0001-01-02T10:00:00",
        "0001-01-02T10:00:00",
        "0001-01-02T10:00:00"
    ],
    "tw_close": [
        "0001-01-02T18:00:00",
        "0001-01-02T18:00:00",
        "0001-01-02T18:00:00",
        "0001-01-02T18:00:00",
        "0001-01-02T18:00:00",
        "0001-01-02T18:00:00",
        "0001-01-02T18:00:00",
        "0001-01-02T18:00:00",
        "0001-01-02T18:00:00",
        "0001-01-02T18:00:00",
        "0001-01-02T18:00:00",
        "0001-01-02T18:00:00",
        "0001-01-02T18:00:00",
        "0001-01-02T18:00:00",
        "0001-01-02T18:00:00",
        "0001-01-02T18:00:00",
        "0001-01-02T18:00:00",
        "0001-01-02T18:00:00"
    ],
    "_travel_duration_matrix": [
        [
            0.0,
            1455.0,
            1455.0,
            2373.0,
            1935.0,
            1779.0,
            1304.0,
            2293.0,
            940.0,
            1816.0,
            1648.0,
            906.0,
            2108.0,
            977.0,
            986.0,
            2114.0,
            973.0,
            1669.0
        ],
        [
            1455.0,
            0.0,
            1455.0,
            1976.0,
            758.0,
            826.0,
            1765.0,
            950.0,
            545.0,
            1796.0,
            249.0,
            1398.0,
            675.0,
            2243.0,
            1868.0,
            2006.0,
            488.0,
            836.0
        ],
        [
            1455.0,
            1455.0,
            0.0,
            926.0,
            1241.0,
            2244.0,
            487.0,
            1652.0,
            1137.0,
            394.0,
            1425.0,
            2136.0,
            2007.0,
            1506.0,
            2398.0,
            679.0,
            1229.0,
            2215.0
        ],
        [
            2373.0,
            1976.0,
            926.0,
            0.0,
            1397.0,
            2799.0,
            1280.0,
            1678.0,
            1871.0,
            651.0,
            1834.0,
            2978.0,
            2312.0,
            2360.0,
            3288.0,
            442.0,
            1947.0,
            2810.0
        ],
        [
            1935.0,
            758.0,
            1241.0,
            1397.0,
            0.0,
            1500.0,
            1691.0,
            421.0,
            1031.0,
            1451.0,
            531.0,
            2110.0,
            916.0,
            2490.0,
            2552.0,
            1566.0,
            1043.0,
            1547.0
        ],
        [
            1779.0,
            826.0,
            2244.0,
            2799.0,
            1500.0,
            0.0,
            2488.0,
            1517.0,
            1158.0,
            2603.0,
            984.0,
            1243.0,
            800.0,
            2720.0,
            1726.0,
            2825.0,
            1065.0,
            139.0
        ],
        [
            1304.0,
            1765.0,
            487.0,
            1280.0,
            1691.0,
            2488.0,
            0.0,
            2110.0,
            1331.0,
            632.0,
            1788.0,
            2123.0,
            2379.0,
            1080.0,
            2289.0,
            905.0,
            1426.0,
            2435.0
        ],
        [
            2293.0,
            950.0,
            1652.0,
            1678.0,
            421.0,
            1517.0,
            2110.0,
            0.0,
            1360.0,
            1833.0,
            704.0,
            2347.0,
            775.0,
            2900.0,
            2815.0,
            1913.0,
            1350.0,
            1597.0
        ],
        [
            940.0,
            545.0,
            1137.0,
            1871.0,
            1031.0,
            1158.0,
            1331.0,
            1360.0,
            0.0,
            1522.0,
            711.0,
            1146.0,
            1220.0,
            1699.0,
            1545.0,
            1781.0,
            95.0,
            1105.0
        ],
        [
            1816.0,
            1796.0,
            394.0,
            651.0,
            1451.0,
            2603.0,
            632.0,
            1833.0,
            1522.0,
            0.0,
            1731.0,
            2527.0,
            2294.0,
            1711.0,
            2776.0,
            298.0,
            1612.0,
            2582.0
        ],
        [
            1648.0,
            249.0,
            1425.0,
            1834.0,
            531.0,
            984.0,
            1788.0,
            704.0,
            711.0,
            1731.0,
            0.0,
            1645.0,
            591.0,
            2375.0,
            2112.0,
            1913.0,
            678.0,
            1021.0
        ],
        [
            906.0,
            1398.0,
            2136.0,
            2978.0,
            2110.0,
            1243.0,
            2123.0,
            2347.0,
            1146.0,
            2527.0,
            1645.0,
            0.0,
            1871.0,
            1849.0,
            495.0,
            2814.0,
            1097.0,
            1106.0
        ],
        [
            2108.0,
            675.0,
            2007.0,
            2312.0,
            916.0,
            800.0,
            2379.0,
            775.0,
            1220.0,
            2294.0,
            591.0,
            1871.0,
            0.0,
            2918.0,
            2364.0,
            2451.0,
            1158.0,
            908.0
        ],
        [
            977.0,
            2243.0,
            1506.0,
            2360.0,
            2490.0,
            2720.0,
            1080.0,
            2900.0,
            1699.0,
            1711.0,
            2375.0,
            1849.0,
            2918.0,
            0.0,
            1768.0,
            1972.0,
            1768.0,
            2620.0
        ],
        [
            986.0,
            1868.0,
            2398.0,
            3288.0,
            2552.0,
            1726.0,
            2289.0,
            2815.0,
            1545.0,
            2776.0,
            2112.0,
            495.0,
            2364.0,
            1768.0,
            0.0,
            3071.0,
            1514.0,
            1588.0
        ],
        [
            2114.0,
            2006.0,
            679.0,
            442.0,
            1566.0,
            2825.0,
            905.0,
            1913.0,
            1781.0,
            298.0,
            1913.0,
            2814.0,
            2451.0,
            1972.0,
            3071.0,
            0.0,
            1868.0,
            2814.0
        ],
        [
            973.0,
            488.0,
            1229.0,
            1947.0,
            1043.0,
            1065.0,
            1426.0,
            1350.0,
            95.0,
            1612.0,
            678.0,
            1097.0,
            1158.0,
            1768.0,
            1514.0,
            1868.0,
            0.0,
            1010.0
        ],
        [
            1669.0,
            836.0,
            2215.0,
            2810.0,
            1547.0,
            139.0,
            2435.0,
            1597.0,
            1105.0,
            2582.0,
            1021.0,
            1106.0,
            908.0,
            2620.0,
            1588.0,
            2814.0,
            1010.0,
            0.0
        ]
    ],
    "_travel_distance_matrix": [
        [
            0,
            13,
            13,
            20,
            17,
            15,
            11,
            20,
            8,
            16,
            14,
            8,
            18,
            9,
            9,
            18,
            9,
            14
        ],
        [
            13,
            0,
            13,
            17,
            7,
            7,
            15,
            8,
            5,
            15,
            3,
            12,
            6,
            19,
            16,
            17,
            5,
            7
        ],
        [
            13,
            13,
            0,
            8,
            11,
            19,
            5,
            14,
            10,
            4,
            12,
            18,
            17,
            13,
            20,
            6,
            11,
            19
        ],
        [
            20,
            17,
            8,
            0,
            12,
            24,
            11,
            14,
            16,
            6,
            16,
            25,
            20,
            20,
            28,
            4,
            17,
            24
        ],
        [
            17,
            7,
            11,
            12,
            0,
            13,
            15,
            4,
            9,
            13,
            5,
            18,
            8,
            21,
            22,
            14,
            9,
            13
        ],
        [
            15,
            7,
            19,
            24,
            13,
            0,
            21,
            13,
            10,
            22,
            9,
            11,
            7,
            23,
            15,
            24,
            9,
            2
        ],
        [
            11,
            15,
            5,
            11,
            15,
            21,
            0,
            18,
            12,
            6,
            15,
            18,
            20,
            9,
            20,
            8,
            12,
            21
        ],
        [
            20,
            8,
            14,
            14,
            4,
            13,
            18,
            0,
            12,
            16,
            6,
            20,
            7,
            25,
            24,
            16,
            12,
            14
        ],
        [
            8,
            5,
            10,
            16,
            9,
            10,
            12,
            12,
            0,
            13,
            6,
            10,
            11,
            15,
            13,
            15,
            1,
            10
        ],
        [
            16,
            15,
            4,
            6,
            13,
            22,
            6,
            16,
            13,
            0,
            15,
            22,
            20,
            15,
            24,
            3,
            14,
            22
        ],
        [
            14,
            3,
            12,
            16,
            5,
            9,
            15,
            6,
            6,
            15,
            0,
            14,
            5,
            20,
            18,
            16,
            6,
            9
        ],
        [
            8,
            12,
            18,
            25,
            18,
            11,
            18,
            20,
            10,
            22,
            14,
            0,
            16,
            16,
            5,
            24,
            10,
            10
        ],
        [
            18,
            6,
            17,
            20,
            8,
            7,
            20,
            7,
            11,
            20,
            5,
            16,
            0,
            25,
            20,
            21,
            10,
            8
        ],
        [
            9,
            19,
            13,
            20,
            21,
            23,
            9,
            25,
            15,
            15,
            20,
            16,
            25,
            0,
            15,
            17,
            15,
            22
        ],
        [
            9,
            16,
            20,
            28,
            22,
            15,
            20,
            24,
            13,
            24,
            18,
            5,
            20,
            15,
            0,
            26,
            13,
            14
        ],
        [
            18,
            17,
            6,
            4,
            14,
            24,
            8,
            16,
            15,
            3,
            16,
            24,
            21,
            17,
            26,
            0,
            16,
            24
        ],
        [
            9,
            5,
            11,
            17,
            9,
            9,
            12,
            12,
            1,
            14,
            6,
            10,
            10,
            15,
            13,
            16,
            0,
            9
        ],
        [
            14,
            7,
            19,
            24,
            13,
            2,
            21,
            14,
            10,
            22,
            9,
            10,
            8,
            22,
            14,
            24,
            9,
            0
        ]
    ]
}