{
    "_id_": "t=euclidean+d=7+c=3+n=05+v=3+o=100+r=04",
    "meta": {
        "t": "euclidean",
        "d": 7,
        "c": 3,
        "n": 5,
        "v": 3,
        "o": 100,
        "r": 4
    },
    "num_carriers": 3,
    "max_vehicle_load": 999999999,
    "max_tour_distance": 999999999,
    "max_tour_duration": 999999999,
    "carriers_max_num_tours": 3,
    "requests": [
        0,
        1,
        2,
        3,
        4,
        5,
        6,
        7,
        8,
        9,
        10,
        11,
        12,
        13,
        14
    ],
    "num_requests": 15,
    "num_requests_per_carrier": 5,
    "vertex_x_coords": [
        19.5,
        9.000000000000002,
        8.999999999999996,
        17.558450604719507,
        13.604226523695717,
        0.01929455354443832,
        15.640970620002278,
        5.432579947875688,
        3.7598274252388375,
        11.454355885289338,
        10.75734076628346,
        15.673443437369567,
        22.055486770783528,
        5.608567613043933,
        22.42422592521246,
        21.938629957790646,
        0.092611686200747,
        0.6850846805616956
    ],
    "vertex_y_coords": [
        12.5,
        18.562177826491073,
        6.4378221735089305,
        15.092726786633726,
        20.528680612824765,
        2.945358515733218,
        10.243464511552517,
        10.81184652135747,
        4.5164494335866,
        3.2511652449251693,
        16.817822516075022,
        21.323473290121814,
        16.384591816710902,
        10.169041327588088,
        6.810374095629642,
        0.20141427714282234,
        14.740785427017904,
        22.47068473635883
    ],
    "request_to_carrier_assignment": [
        0,
        0,
        0,
        0,
        0,
        1,
        1,
        1,
        1,
        1,
        2,
        2,
        2,
        2,
        2
    ],
    "request_disclosure_time": [
        "0001-01-01T00:00:00",
        "0001-01-01T06:48:00",
        "0001-01-01T13:36:00",
        "0001-01-01T20:24:00",
        "0001-01-02T03:12:00",
        "0001-01-01T00:00:00",
        "0001-01-01T06:48:00",
        "0001-01-01T13:36:00",
        "0001-01-01T20:24:00",
        "0001-01-02T03:12:00",
        "0001-01-01T00:00:00",
        "0001-01-01T06:48:00",
        "0001-01-01T13:36:00",
        "0001-01-01T20:24:00",
        "0001-01-02T03:12:00"
    ],
    "vertex_revenue": [
        0,
        0,
        0,
        1,
        1,
        1,
        1,
        1,
        1,
        1,
        1,
        1,
        1,
        1,
        1,
        1,
        1,
        1
    ],
    "vertex_load": [
        0,
        0,
        0,
        1,
        1,
        1,
        1,
        1,
        1,
        1,
        1,
        1,
        1,
        1,
        1,
        1,
        1,
        1
    ],
    "vertex_service_duration": [
        0,
        0,
        0,
        240.0,
        240.0,
        240.0,
        240.0,
        240.0,
        240.0,
        240.0,
        240.0,
        240.0,
        240.0,
        240.0,
        240.0,
        240.0,
        240.0,
        240.0
    ],
    "tw_open": [
        "0001-01-02T10:00:00",
        "0001-01-02T10:00:00",
        "0001-01-02T10:00:00",
        "0001-01-02T10:00:00",
        "0001-01-02T10:00:00",
        "0001-01-02T10:00:00",
        "0001-01-02T10:00:00",
        "0001-01-02T10:00:00",
        "0001-01-02T10:00:00",
        "0001-01-02T10:00:00",
        "0001-01-02T10:00:00",
        "0001-01-02T10:00:00",
        "0001-01-02T10:00:00",
        "0001-01-02T10:00:00",
        "0001-01-02T10:00:00",
        "0001-01-02T10:00:00",
        "0001-01-02T10:00:00",
        "0001-01-02T10:00:00"
    ],
    "tw_close": [
        "0001-01-02T18:00:00",
        "0001-01-02T18:00:00",
        "0001-01-02T18:00:00",
        "0001-01-02T18:00:00",
        "0001-01-02T18:00:00",
        "0001-01-02T18:00:00",
        "0001-01-02T18:00:00",
        "0001-01-02T18:00:00",
        "0001-01-02T18:00:00",
        "0001-01-02T18:00:00",
        "0001-01-02T18:00:00",
        "0001-01-02T18:00:00",
        "0001-01-02T18:00:00",
        "0001-01-02T18:00:00",
        "0001-01-02T18:00:00",
        "0001-01-02T18:00:00",
        "0001-01-02T18:00:00",
        "0001-01-02T18:00:00"
    ],
    "_travel_duration_matrix": [
        [
            0.0,
            1455.0,
            1455.0,
            389.0,
            1196.0,
            2604.0,
            537.0,
            1701.0,
            2118.0,
            1472.0,
            1171.0,
            1155.0,
            558.0,
            1691.0,
            768.0,
            1505.0,
            2345.0,
            2556.0
        ],
        [
            1455.0,
            0.0,
            1455.0,
            1109.0,
            601.0,
            2162.0,
            1278.0,
            1024.0,
            1799.0,
            1861.0,
            298.0,
            867.0,
            1589.0,
            1087.0,
            2141.0,
            2696.0,
            1164.0,
            1103.0
        ],
        [
            1455.0,
            1455.0,
            0.0,
            1461.0,
            1779.0,
            1157.0,
            919.0,
            678.0,
            670.0,
            483.0,
            1264.0,
            1958.0,
            1970.0,
            606.0,
            1612.0,
            1724.0,
            1462.0,
            2168.0
        ],
        [
            389.0,
            1109.0,
            1461.0,
            0.0,
            807.0,
            2561.0,
            626.0,
            1544.0,
            2087.0,
            1599.0,
            842.0,
            782.0,
            562.0,
            1551.0,
            1153.0,
            1863.0,
            2097.0,
            2210.0
        ],
        [
            1196.0,
            601.0,
            1779.0,
            807.0,
            0.0,
            2667.0,
            1259.0,
            1524.0,
            2256.0,
            2090.0,
            562.0,
            266.0,
            1130.0,
            1571.0,
            1958.0,
            2637.0,
            1764.0,
            1568.0
        ],
        [
            2604.0,
            2162.0,
            1157.0,
            2561.0,
            2667.0,
            0.0,
            2070.0,
            1146.0,
            487.0,
            1373.0,
            2106.0,
            2897.0,
            3098.0,
            1097.0,
            2729.0,
            2651.0,
            1416.0,
            2345.0
        ],
        [
            537.0,
            1278.0,
            919.0,
            626.0,
            1259.0,
            2070.0,
            0.0,
            1227.0,
            1583.0,
            978.0,
            983.0,
            1330.0,
            1066.0,
            1204.0,
            913.0,
            1423.0,
            1943.0,
            2319.0
        ],
        [
            1701.0,
            1024.0,
            678.0,
            1544.0,
            1524.0,
            1146.0,
            1227.0,
            0.0,
            782.0,
            1160.0,
            964.0,
            1762.0,
            2104.0,
            80.0,
            2095.0,
            2355.0,
            796.0,
            1511.0
        ],
        [
            2118.0,
            1799.0,
            670.0,
            2087.0,
            2256.0,
            487.0,
            1583.0,
            782.0,
            0.0,
            936.0,
            1699.0,
            2473.0,
            2617.0,
            714.0,
            2257.0,
            2243.0,
            1304.0,
            2186.0
        ],
        [
            1472.0,
            1861.0,
            483.0,
            1599.0,
            2090.0,
            1373.0,
            978.0,
            1160.0,
            936.0,
            0.0,
            1631.0,
            2227.0,
            2026.0,
            1087.0,
            1384.0,
            1311.0,
            1940.0,
            2644.0
        ],
        [
            1171.0,
            298.0,
            1264.0,
            842.0,
            562.0,
            2106.0,
            983.0,
            964.0,
            1699.0,
            1631.0,
            0.0,
            801.0,
            1357.0,
            1010.0,
            1845.0,
            2404.0,
            1304.0,
            1387.0
        ],
        [
            1155.0,
            867.0,
            1958.0,
            782.0,
            266.0,
            2897.0,
            1330.0,
            1762.0,
            2473.0,
            2227.0,
            801.0,
            0.0,
            969.0,
            1803.0,
            1921.0,
            2644.0,
            2030.0,
            1804.0
        ],
        [
            558.0,
            1589.0,
            1970.0,
            562.0,
            1130.0,
            3098.0,
            1066.0,
            2104.0,
            2617.0,
            2026.0,
            1357.0,
            969.0,
            0.0,
            2110.0,
            1150.0,
            1943.0,
            2643.0,
            2667.0
        ],
        [
            1691.0,
            1087.0,
            606.0,
            1551.0,
            1571.0,
            1097.0,
            1204.0,
            80.0,
            714.0,
            1087.0,
            1010.0,
            1803.0,
            2110.0,
            0.0,
            2058.0,
            2296.0,
            860.0,
            1591.0
        ],
        [
            768.0,
            2141.0,
            1612.0,
            1153.0,
            1958.0,
            2729.0,
            913.0,
            2095.0,
            2257.0,
            1384.0,
            1845.0,
            1921.0,
            1150.0,
            2058.0,
            0.0,
            796.0,
            2844.0,
            3216.0
        ],
        [
            1505.0,
            2696.0,
            1724.0,
            1863.0,
            2637.0,
            2651.0,
            1423.0,
            2355.0,
            2243.0,
            1311.0,
            2404.0,
            2644.0,
            1943.0,
            2296.0,
            796.0,
            0.0,
            3150.0,
            3695.0
        ],
        [
            2345.0,
            1164.0,
            1462.0,
            2097.0,
            1764.0,
            1416.0,
            1943.0,
            796.0,
            1304.0,
            1940.0,
            1304.0,
            2030.0,
            2643.0,
            860.0,
            2844.0,
            3150.0,
            0.0,
            931.0
        ],
        [
            2556.0,
            1103.0,
            2168.0,
            2210.0,
            1568.0,
            2345.0,
            2319.0,
            1511.0,
            2186.0,
            2644.0,
            1387.0,
            1804.0,
            2667.0,
            1591.0,
            3216.0,
            3695.0,
            931.0,
            0.0
        ]
    ],
    "_travel_distance_matrix": [
        [
            0,
            13,
            13,
            4,
            10,
            22,
            5,
            15,
            18,
            13,
            10,
            10,
            5,
            15,
            7,
            13,
            20,
            22
        ],
        [
            13,
            0,
            13,
            10,
            6,
            19,
            11,
            9,
            15,
            16,
            3,
            8,
            14,
            10,
            18,
            23,
            10,
            10
        ],
        [
            13,
            13,
            0,
            13,
            15,
            10,
            8,
            6,
            6,
            5,
            11,
            17,
            17,
            6,
            14,
            15,
            13,
            19
        ],
        [
            4,
            10,
            13,
            0,
            7,
            22,
            6,
            13,
            18,
            14,
            8,
            7,
            5,
            13,
            10,
            16,
            18,
            19
        ],
        [
            10,
            6,
            15,
            7,
            0,
            23,
            11,
            13,
            19,
            18,
            5,
            3,
            10,
            14,
            17,
            22,
            15,
            14
        ],
        [
            22,
            19,
            10,
            22,
            23,
            0,
            18,
            10,
            5,
            12,
            18,
            25,
            26,
            10,
            23,
            23,
            12,
            20
        ],
        [
            5,
            11,
            8,
            6,
            11,
            18,
            0,
            11,
            14,
            9,
            9,
            12,
            9,
            11,
            8,
            12,
            17,
            20
        ],
        [
            15,
            9,
            6,
            13,
            13,
            10,
            11,
            0,
            7,
            10,
            9,
            15,
            18,
            1,
            18,
            20,
            7,
            13
        ],
        [
            18,
            15,
            6,
            18,
            19,
            5,
            14,
            7,
            0,
            8,
            15,
            21,
            22,
            6,
            19,
            19,
            11,
            19
        ],
        [
            13,
            16,
            5,
            14,
            18,
            12,
            9,
            10,
            8,
            0,
            14,
            19,
            17,
            10,
            12,
            11,
            17,
            23
        ],
        [
            10,
            3,
            11,
            8,
            5,
            18,
            9,
            9,
            15,
            14,
            0,
            7,
            12,
            9,
            16,
            21,
            11,
            12
        ],
        [
            10,
            8,
            17,
            7,
            3,
            25,
            12,
            15,
            21,
            19,
            7,
            0,
            9,
            16,
            17,
            23,
            17,
            16
        ],
        [
            5,
            14,
            17,
            5,
            10,
            26,
            9,
            18,
            22,
            17,
            12,
            9,
            0,
            18,
            10,
            17,
            23,
            23
        ],
        [
            15,
            10,
            6,
            13,
            14,
            10,
            11,
            1,
            6,
            10,
            9,
            16,
            18,
            0,
            18,
            20,
            8,
            14
        ],
        [
            7,
            18,
            14,
            10,
            17,
            23,
            8,
            18,
            19,
            12,
            16,
            17,
            10,
            18,
            0,
            7,
            24,
            27
        ],
        [
            13,
            23,
            15,
            16,
            22,
            23,
            12,
            20,
            19,
            11,
            21,
            23,
            17,
            20,
            7,
            0,
            27,
            31
        ],
        [
            20,
            10,
            13,
            18,
            15,
            12,
            17,
            7,
            11,
            17,
            11,
            17,
            23,
            8,
            24,
            27,
            0,
            8
        ],
        [
            22,
            10,
            19,
            19,
            14,
            20,
            20,
            13,
            19,
            23,
            12,
            16,
            23,
            14,
            27,
            31,
            8,
            0
        ]
    ]
}