{
    "_id_": "t=euclidean+d=7+c=3+n=10+v=1+o=100+r=01",
    "meta": {
        "t": "euclidean",
        "d": 7,
        "c": 3,
        "n": 10,
        "v": 1,
        "o": 100,
        "r": 1
    },
    "num_carriers": 3,
    "max_vehicle_load": 999999999,
    "max_tour_distance": 999999999,
    "max_tour_duration": 999999999,
    "carriers_max_num_tours": 1,
    "requests": [
        0,
        1,
        2,
        3,
        4,
        5,
        6,
        7,
        8,
        9,
        10,
        11,
        12,
        13,
        14,
        15,
        16,
        17,
        18,
        19,
        20,
        21,
        22,
        23,
        24,
        25,
        26,
        27,
        28,
        29
    ],
    "num_requests": 30,
    "num_requests_per_carrier": 10,
    "vertex_x_coords": [
        19.5,
        9.000000000000002,
        8.999999999999996,
        17.558450604719507,
        13.604226523695717,
        0.01929455354443832,
        15.640970620002278,
        5.432579947875688,
        3.7598274252388375,
        11.454355885289338,
        10.75734076628346,
        15.673443437369567,
        22.055486770783528,
        5.608567613043933,
        22.42422592521246,
        21.938629957790646,
        0.092611686200747,
        0.6850846805616956,
        6.2503820058434165,
        3.965436641097697,
        8.63808593507833,
        6.910474259440392,
        9.865617384233666,
        4.521890051630345,
        3.166156238534251,
        17.493060935581298,
        6.632686525696613,
        20.547008584773103,
        16.54267896652646,
        21.404908673111265,
        1.7740646775216695,
        10.882818161045227,
        24.219747238260158
    ],
    "vertex_y_coords": [
        12.5,
        18.562177826491073,
        6.4378221735089305,
        15.092726786633726,
        20.528680612824765,
        2.945358515733218,
        10.243464511552517,
        10.81184652135747,
        4.5164494335866,
        3.2511652449251693,
        16.817822516075022,
        21.323473290121814,
        16.384591816710902,
        10.169041327588088,
        6.810374095629642,
        0.20141427714282234,
        14.740785427017904,
        22.47068473635883,
        13.013257279034002,
        17.36585708258248,
        1.133354504791642,
        9.062035403161865,
        17.13903028499746,
        13.786758621354098,
        7.75811952385882,
        10.126831601706368,
        15.972448835339184,
        18.931444374865475,
        21.382193711435676,
        24.341695373944212,
        2.4647743350429323,
        23.866590879240043,
        13.795108464957167
    ],
    "request_to_carrier_assignment": [
        0,
        0,
        0,
        0,
        0,
        0,
        0,
        0,
        0,
        0,
        1,
        1,
        1,
        1,
        1,
        1,
        1,
        1,
        1,
        1,
        2,
        2,
        2,
        2,
        2,
        2,
        2,
        2,
        2,
        2
    ],
    "request_disclosure_time": [
        "0001-01-01T00:00:00",
        "0001-01-01T03:24:00",
        "0001-01-01T06:48:00",
        "0001-01-01T10:12:00",
        "0001-01-01T13:36:00",
        "0001-01-01T17:00:00",
        "0001-01-01T20:24:00",
        "0001-01-01T23:48:00",
        "0001-01-02T03:12:00",
        "0001-01-02T06:36:00",
        "0001-01-01T00:00:00",
        "0001-01-01T03:24:00",
        "0001-01-01T06:48:00",
        "0001-01-01T10:12:00",
        "0001-01-01T13:36:00",
        "0001-01-01T17:00:00",
        "0001-01-01T20:24:00",
        "0001-01-01T23:48:00",
        "0001-01-02T03:12:00",
        "0001-01-02T06:36:00",
        "0001-01-01T00:00:00",
        "0001-01-01T03:24:00",
        "0001-01-01T06:48:00",
        "0001-01-01T10:12:00",
        "0001-01-01T13:36:00",
        "0001-01-01T17:00:00",
        "0001-01-01T20:24:00",
        "0001-01-01T23:48:00",
        "0001-01-02T03:12:00",
        "0001-01-02T06:36:00"
    ],
    "vertex_revenue": [
        0,
        0,
        0,
        1,
        1,
        1,
        1,
        1,
        1,
        1,
        1,
        1,
        1,
        1,
        1,
        1,
        1,
        1,
        1,
        1,
        1,
        1,
        1,
        1,
        1,
        1,
        1,
        1,
        1,
        1,
        1,
        1,
        1
    ],
    "vertex_load": [
        0,
        0,
        0,
        1,
        1,
        1,
        1,
        1,
        1,
        1,
        1,
        1,
        1,
        1,
        1,
        1,
        1,
        1,
        1,
        1,
        1,
        1,
        1,
        1,
        1,
        1,
        1,
        1,
        1,
        1,
        1,
        1,
        1
    ],
    "vertex_service_duration": [
        0,
        0,
        0,
        240.0,
        240.0,
        240.0,
        240.0,
        240.0,
        240.0,
        240.0,
        240.0,
        240.0,
        240.0,
        240.0,
        240.0,
        240.0,
        240.0,
        240.0,
        240.0,
        240.0,
        240.0,
        240.0,
        240.0,
        240.0,
        240.0,
        240.0,
        240.0,
        240.0,
        240.0,
        240.0,
        240.0,
        240.0,
        240.0
    ],
    "tw_open": [
        "0001-01-02T10:00:00",
        "0001-01-02T10:00:00",
        "0001-01-02T10:00:00",
        "0001-01-02T10:00:00",
        "0001-01-02T10:00:00",
        "0001-01-02T10:00:00",
        "0001-01-02T10:00:00",
        "0001-01-02T10:00:00",
        "0001-01-02T10:00:00",
        "0001-01-02T10:00:00",
        "0001-01-02T10:00:00",
        "0001-01-02T10:00:00",
        "0001-01-02T10:00:00",
        "0001-01-02T10:00:00",
        "0001-01-02T10:00:00",
        "0001-01-02T10:00:00",
        "0001-01-02T10:00:00",
        "0001-01-02T10:00:00",
        "0001-01-02T10:00:00",
        "0001-01-02T10:00:00",
        "0001-01-02T10:00:00",
        "0001-01-02T10:00:00",
        "0001-01-02T10:00:00",
        "0001-01-02T10:00:00",
        "0001-01-02T10:00:00",
        "0001-01-02T10:00:00",
        "0001-01-02T10:00:00",
        "0001-01-02T10:00:00",
        "0001-01-02T10:00:00",
        "0001-01-02T10:00:00",
        "0001-01-02T10:00:00",
        "0001-01-02T10:00:00",
        "0001-01-02T10:00:00"
    ],
    "tw_close": [
        "0001-01-02T18:00:00",
        "0001-01-02T18:00:00",
        "0001-01-02T18:00:00",
        "0001-01-02T18:00:00",
        "0001-01-02T18:00:00",
        "0001-01-02T18:00:00",
        "0001-01-02T18:00:00",
        "0001-01-02T18:00:00",
        "0001-01-02T18:00:00",
        "0001-01-02T18:00:00",
        "0001-01-02T18:00:00",
        "0001-01-02T18:00:00",
        "0001-01-02T18:00:00",
        "0001-01-02T18:00:00",
        "0001-01-02T18:00:00",
        "0001-01-02T18:00:00",
        "0001-01-02T18:00:00",
        "0001-01-02T18:00:00",
        "0001-01-02T18:00:00",
        "0001-01-02T18:00:00",
        "0001-01-02T18:00:00",
        "0001-01-02T18:00:00",
        "0001-01-02T18:00:00",
        "0001-01-02T18:00:00",
        "0001-01-02T18:00:00",
        "0001-01-02T18:00:00",
        "0001-01-02T18:00:00",
        "0001-01-02T18:00:00",
        "0001-01-02T18:00:00",
        "0001-01-02T18:00:00",
        "0001-01-02T18:00:00",
        "0001-01-02T18:00:00",
        "0001-01-02T18:00:00"
    ],
    "_travel_duration_matrix": [
        [
            0.0,
            1455.0,
            1455.0,
            389.0,
            1196.0,
            2604.0,
            537.0,
            1701.0,
            2118.0,
            1472.0,
            1171.0,
            1155.0,
            558.0,
            1691.0,
            768.0,
            1505.0,
            2345.0,
            2556.0,
            1592.0,
            1954.0,
            1887.0,
            1567.0,
            1284.0,
            1804.0,
            2041.0,
            373.0,
            1600.0,
            782.0,
            1124.0,
            1440.0,
            2445.0,
            1712.0,
            588.0
        ],
        [
            1455.0,
            0.0,
            1455.0,
            1109.0,
            601.0,
            2162.0,
            1278.0,
            1024.0,
            1799.0,
            1861.0,
            298.0,
            867.0,
            1589.0,
            1087.0,
            2141.0,
            2696.0,
            1164.0,
            1103.0,
            744.0,
            621.0,
            2092.0,
            1168.0,
            200.0,
            786.0,
            1474.0,
            1437.0,
            422.0,
            1387.0,
            967.0,
            1643.0,
            2118.0,
            676.0,
            1914.0
        ],
        [
            1455.0,
            1455.0,
            0.0,
            1461.0,
            1779.0,
            1157.0,
            919.0,
            678.0,
            670.0,
            483.0,
            1264.0,
            1958.0,
            1970.0,
            606.0,
            1612.0,
            1724.0,
            1462.0,
            2168.0,
            856.0,
            1444.0,
            639.0,
            403.0,
            1289.0,
            1033.0,
            718.0,
            1112.0,
            1179.0,
            2042.0,
            2009.0,
            2614.0,
            990.0,
            2104.0,
            2029.0
        ],
        [
            389.0,
            1109.0,
            1461.0,
            0.0,
            807.0,
            2561.0,
            626.0,
            1544.0,
            2087.0,
            1599.0,
            842.0,
            782.0,
            562.0,
            1551.0,
            1153.0,
            1863.0,
            2097.0,
            2210.0,
            1380.0,
            1654.0,
            1988.0,
            1469.0,
            956.0,
            1573.0,
            1939.0,
            596.0,
            1316.0,
            584.0,
            765.0,
            1203.0,
            2426.0,
            1323.0,
            815.0
        ],
        [
            1196.0,
            601.0,
            1779.0,
            807.0,
            0.0,
            2667.0,
            1259.0,
            1524.0,
            2256.0,
            2090.0,
            562.0,
            266.0,
            1130.0,
            1571.0,
            1958.0,
            2637.0,
            1764.0,
            1568.0,
            1262.0,
            1218.0,
            2403.0,
            1594.0,
            606.0,
            1358.0,
            1980.0,
            1333.0,
            1000.0,
            855.0,
            368.0,
            1042.0,
            2592.0,
            517.0,
            1509.0
        ],
        [
            2604.0,
            2162.0,
            1157.0,
            2561.0,
            2667.0,
            0.0,
            2070.0,
            1146.0,
            487.0,
            1373.0,
            2106.0,
            2897.0,
            3098.0,
            1097.0,
            2729.0,
            2651.0,
            1416.0,
            2345.0,
            1421.0,
            1795.0,
            1057.0,
            1106.0,
            2073.0,
            1409.0,
            691.0,
            2268.0,
            1754.0,
            3123.0,
            2971.0,
            3631.0,
            219.0,
            2829.0,
            3183.0
        ],
        [
            537.0,
            1278.0,
            919.0,
            626.0,
            1259.0,
            2070.0,
            0.0,
            1227.0,
            1583.0,
            978.0,
            983.0,
            1330.0,
            1066.0,
            1204.0,
            913.0,
            1423.0,
            1943.0,
            2319.0,
            1175.0,
            1642.0,
            1379.0,
            1058.0,
            1080.0,
            1401.0,
            1527.0,
            223.0,
            1282.0,
            1198.0,
            1342.0,
            1828.0,
            1908.0,
            1732.0,
            1115.0
        ],
        [
            1701.0,
            1024.0,
            678.0,
            1544.0,
            1524.0,
            1146.0,
            1227.0,
            0.0,
            782.0,
            1160.0,
            964.0,
            1762.0,
            2104.0,
            80.0,
            2095.0,
            2355.0,
            796.0,
            1511.0,
            282.0,
            806.0,
            1224.0,
            275.0,
            928.0,
            374.0,
            457.0,
            1450.0,
            636.0,
            2059.0,
            1841.0,
            2512.0,
            1094.0,
            1698.0,
            2283.0
        ],
        [
            2118.0,
            1799.0,
            670.0,
            2087.0,
            2256.0,
            487.0,
            1583.0,
            782.0,
            0.0,
            936.0,
            1699.0,
            2473.0,
            2617.0,
            714.0,
            2257.0,
            2243.0,
            1304.0,
            2186.0,
            1063.0,
            1543.0,
            713.0,
            664.0,
            1683.0,
            1117.0,
            396.0,
            1781.0,
            1418.0,
            2656.0,
            2540.0,
            3185.0,
            343.0,
            2475.0,
            2696.0
        ],
        [
            1472.0,
            1861.0,
            483.0,
            1599.0,
            2090.0,
            1373.0,
            978.0,
            1160.0,
            936.0,
            0.0,
            1631.0,
            2227.0,
            2026.0,
            1087.0,
            1384.0,
            1311.0,
            1940.0,
            2644.0,
            1328.0,
            1918.0,
            423.0,
            886.0,
            1678.0,
            1514.0,
            1133.0,
            1099.0,
            1633.0,
            2176.0,
            2260.0,
            2799.0,
            1166.0,
            2475.0,
            1987.0
        ],
        [
            1171.0,
            298.0,
            1264.0,
            842.0,
            562.0,
            2106.0,
            983.0,
            964.0,
            1699.0,
            1631.0,
            0.0,
            801.0,
            1357.0,
            1010.0,
            1845.0,
            2404.0,
            1304.0,
            1387.0,
            708.0,
            818.0,
            1900.0,
            1039.0,
            114.0,
            832.0,
            1419.0,
            1140.0,
            506.0,
            1202.0,
            885.0,
            1565.0,
            2032.0,
            846.0,
            1656.0
        ],
        [
            1155.0,
            867.0,
            1958.0,
            782.0,
            266.0,
            2897.0,
            1330.0,
            1762.0,
            2473.0,
            2227.0,
            801.0,
            0.0,
            969.0,
            1803.0,
            1921.0,
            2644.0,
            2030.0,
            1804.0,
            1508.0,
            1484.0,
            2566.0,
            1809.0,
            859.0,
            1616.0,
            2215.0,
            1362.0,
            1261.0,
            652.0,
            105.0,
            778.0,
            2812.0,
            651.0,
            1367.0
        ],
        [
            558.0,
            1589.0,
            1970.0,
            562.0,
            1130.0,
            3098.0,
            1066.0,
            2104.0,
            2617.0,
            2026.0,
            1357.0,
            969.0,
            0.0,
            2110.0,
            1150.0,
            1943.0,
            2643.0,
            2667.0,
            1940.0,
            2174.0,
            2438.0,
            2019.0,
            1466.0,
            2128.0,
            2492.0,
            930.0,
            1852.0,
            356.0,
            893.0,
            959.0,
            2952.0,
            1614.0,
            405.0
        ],
        [
            1691.0,
            1087.0,
            606.0,
            1551.0,
            1571.0,
            1097.0,
            1204.0,
            80.0,
            714.0,
            1087.0,
            1010.0,
            1803.0,
            2110.0,
            0.0,
            2058.0,
            2296.0,
            860.0,
            1591.0,
            350.0,
            886.0,
            1144.0,
            206.0,
            981.0,
            454.0,
            412.0,
            1427.0,
            708.0,
            2079.0,
            1880.0,
            2547.0,
            1033.0,
            1762.0,
            2276.0
        ],
        [
            768.0,
            2141.0,
            1612.0,
            1153.0,
            1958.0,
            2729.0,
            913.0,
            2095.0,
            2257.0,
            1384.0,
            1845.0,
            1921.0,
            1150.0,
            2058.0,
            0.0,
            796.0,
            2844.0,
            3216.0,
            2079.0,
            2552.0,
            1790.0,
            1882.0,
            1952.0,
            2306.0,
            2314.0,
            714.0,
            2191.0,
            1472.0,
            1886.0,
            2108.0,
            2533.0,
            2472.0,
            866.0
        ],
        [
            1505.0,
            2696.0,
            1724.0,
            1863.0,
            2637.0,
            2651.0,
            1423.0,
            2355.0,
            2243.0,
            1311.0,
            2404.0,
            2644.0,
            1943.0,
            2296.0,
            796.0,
            0.0,
            3150.0,
            3695.0,
            2431.0,
            2983.0,
            1600.0,
            2094.0,
            2497.0,
            2651.0,
            2429.0,
            1306.0,
            2638.0,
            2254.0,
            2623.0,
            2898.0,
            2435.0,
            3135.0,
            1655.0
        ],
        [
            2345.0,
            1164.0,
            1462.0,
            2097.0,
            1764.0,
            1416.0,
            1943.0,
            796.0,
            1304.0,
            1940.0,
            1304.0,
            2030.0,
            2643.0,
            860.0,
            2844.0,
            3150.0,
            0.0,
            931.0,
            768.0,
            562.0,
            1929.0,
            1065.0,
            1208.0,
            544.0,
            916.0,
            2161.0,
            799.0,
            2506.0,
            2129.0,
            2806.0,
            1487.0,
            1696.0,
            2898.0
        ],
        [
            2556.0,
            1103.0,
            2168.0,
            2210.0,
            1568.0,
            2345.0,
            2319.0,
            1511.0,
            2186.0,
            2644.0,
            1387.0,
            1804.0,
            2667.0,
            1591.0,
            3216.0,
            3695.0,
            931.0,
            0.0,
            1317.0,
            729.0,
            2733.0,
            1775.0,
            1274.0,
            1140.0,
            1791.0,
            2503.0,
            1058.0,
            2421.0,
            1908.0,
            2497.0,
            2405.0,
            1236.0,
            3010.0
        ],
        [
            1592.0,
            744.0,
            856.0,
            1380.0,
            1262.0,
            1421.0,
            1175.0,
            282.0,
            1063.0,
            1328.0,
            708.0,
            1508.0,
            1940.0,
            350.0,
            2079.0,
            2431.0,
            768.0,
            1317.0,
            0.0,
            590.0,
            1455.0,
            481.0,
            659.0,
            228.0,
            732.0,
            1393.0,
            359.0,
            1857.0,
            1592.0,
            2271.0,
            1376.0,
            1417.0,
            2159.0
        ],
        [
            1954.0,
            621.0,
            1444.0,
            1654.0,
            1218.0,
            1795.0,
            1642.0,
            806.0,
            1543.0,
            1918.0,
            818.0,
            1484.0,
            2174.0,
            886.0,
            2552.0,
            2983.0,
            562.0,
            729.0,
            590.0,
            0.0,
            2027.0,
            1058.0,
            709.0,
            435.0,
            1157.0,
            1842.0,
            362.0,
            1999.0,
            1585.0,
            2254.0,
            1808.0,
            1140.0,
            2468.0
        ],
        [
            1887.0,
            2092.0,
            639.0,
            1988.0,
            2403.0,
            1057.0,
            1379.0,
            1224.0,
            713.0,
            423.0,
            1900.0,
            2566.0,
            2438.0,
            1144.0,
            1790.0,
            1600.0,
            1929.0,
            2733.0,
            1455.0,
            2027.0,
            0.0,
            974.0,
            1927.0,
            1597.0,
            1032.0,
            1515.0,
            1797.0,
            2570.0,
            2609.0,
            3179.0,
            840.0,
            2742.0,
            2410.0
        ],
        [
            1567.0,
            1168.0,
            403.0,
            1469.0,
            1594.0,
            1106.0,
            1058.0,
            275.0,
            664.0,
            886.0,
            1039.0,
            1809.0,
            2019.0,
            206.0,
            1882.0,
            2094.0,
            1065.0,
            1775.0,
            481.0,
            1058.0,
            974.0,
            0.0,
            1033.0,
            636.0,
            476.0,
            1277.0,
            830.0,
            2020.0,
            1877.0,
            2528.0,
            1004.0,
            1840.0,
            2154.0
        ],
        [
            1284.0,
            200.0,
            1289.0,
            956.0,
            606.0,
            2073.0,
            1080.0,
            928.0,
            1683.0,
            1678.0,
            114.0,
            859.0,
            1466.0,
            981.0,
            1952.0,
            2497.0,
            1208.0,
            1274.0,
            659.0,
            709.0,
            1927.0,
            1033.0,
            0.0,
            757.0,
            1384.0,
            1244.0,
            413.0,
            1300.0,
            950.0,
            1633.0,
            2011.0,
            817.0,
            1769.0
        ],
        [
            1804.0,
            786.0,
            1033.0,
            1573.0,
            1358.0,
            1409.0,
            1401.0,
            374.0,
            1117.0,
            1514.0,
            832.0,
            1616.0,
            2128.0,
            454.0,
            2306.0,
            2651.0,
            544.0,
            1140.0,
            228.0,
            435.0,
            1597.0,
            636.0,
            757.0,
            0.0,
            742.0,
            1618.0,
            365.0,
            2020.0,
            1707.0,
            2390.0,
            1399.0,
            1431.0,
            2364.0
        ],
        [
            2041.0,
            1474.0,
            718.0,
            1939.0,
            1980.0,
            691.0,
            1527.0,
            457.0,
            396.0,
            1133.0,
            1419.0,
            2215.0,
            2492.0,
            412.0,
            2314.0,
            2429.0,
            916.0,
            1791.0,
            732.0,
            1157.0,
            1032.0,
            476.0,
            1384.0,
            742.0,
            0.0,
            1743.0,
            1070.0,
            2480.0,
            2292.0,
            2959.0,
            657.0,
            2144.0,
            2629.0
        ],
        [
            373.0,
            1437.0,
            1112.0,
            596.0,
            1333.0,
            2268.0,
            223.0,
            1450.0,
            1781.0,
            1099.0,
            1140.0,
            1362.0,
            930.0,
            1427.0,
            714.0,
            1306.0,
            2161.0,
            2503.0,
            1393.0,
            1842.0,
            1515.0,
            1277.0,
            1244.0,
            1618.0,
            1743.0,
            0.0,
            1481.0,
            1119.0,
            1356.0,
            1770.0,
            2099.0,
            1830.0,
            920.0
        ],
        [
            1600.0,
            422.0,
            1179.0,
            1316.0,
            1000.0,
            1754.0,
            1282.0,
            636.0,
            1418.0,
            1633.0,
            506.0,
            1261.0,
            1852.0,
            708.0,
            2191.0,
            2638.0,
            799.0,
            1058.0,
            359.0,
            362.0,
            1797.0,
            830.0,
            413.0,
            365.0,
            1070.0,
            1481.0,
            0.0,
            1708.0,
            1355.0,
            2038.0,
            1723.0,
            1076.0,
            2127.0
        ],
        [
            782.0,
            1387.0,
            2042.0,
            584.0,
            855.0,
            3123.0,
            1198.0,
            2059.0,
            2656.0,
            2176.0,
            1202.0,
            652.0,
            356.0,
            2079.0,
            1472.0,
            2254.0,
            2506.0,
            2421.0,
            1857.0,
            1999.0,
            2570.0,
            2020.0,
            1300.0,
            2020.0,
            2480.0,
            1119.0,
            1708.0,
            0.0,
            564.0,
            658.0,
            2997.0,
            1303.0,
            758.0
        ],
        [
            1124.0,
            967.0,
            2009.0,
            765.0,
            368.0,
            2971.0,
            1342.0,
            1841.0,
            2540.0,
            2260.0,
            885.0,
            105.0,
            893.0,
            1880.0,
            1886.0,
            2623.0,
            2129.0,
            1908.0,
            1592.0,
            1585.0,
            2609.0,
            1877.0,
            950.0,
            1707.0,
            2292.0,
            1356.0,
            1355.0,
            564.0,
            0.0,
            684.0,
            2880.0,
            742.0,
            1296.0
        ],
        [
            1440.0,
            1643.0,
            2614.0,
            1203.0,
            1042.0,
            3631.0,
            1828.0,
            2512.0,
            3185.0,
            2799.0,
            1565.0,
            778.0,
            959.0,
            2547.0,
            2108.0,
            2898.0,
            2806.0,
            2497.0,
            2271.0,
            2254.0,
            3179.0,
            2528.0,
            1633.0,
            2390.0,
            2959.0,
            1770.0,
            2038.0,
            658.0,
            684.0,
            0.0,
            3528.0,
            1264.0,
            1310.0
        ],
        [
            2445.0,
            2118.0,
            990.0,
            2426.0,
            2592.0,
            219.0,
            1908.0,
            1094.0,
            343.0,
            1166.0,
            2032.0,
            2812.0,
            2952.0,
            1033.0,
            2533.0,
            2435.0,
            1487.0,
            2405.0,
            1376.0,
            1808.0,
            840.0,
            1004.0,
            2011.0,
            1399.0,
            657.0,
            2099.0,
            1723.0,
            2997.0,
            2880.0,
            3528.0,
            0.0,
            2792.0,
            3018.0
        ],
        [
            1712.0,
            676.0,
            2104.0,
            1323.0,
            517.0,
            2829.0,
            1732.0,
            1698.0,
            2475.0,
            2475.0,
            846.0,
            651.0,
            1614.0,
            1762.0,
            2472.0,
            3135.0,
            1696.0,
            1236.0,
            1417.0,
            1140.0,
            2742.0,
            1840.0,
            817.0,
            1431.0,
            2144.0,
            1830.0,
            1076.0,
            1303.0,
            742.0,
            1264.0,
            2792.0,
            0.0,
            2006.0
        ],
        [
            588.0,
            1914.0,
            2029.0,
            815.0,
            1509.0,
            3183.0,
            1115.0,
            2283.0,
            2696.0,
            1987.0,
            1656.0,
            1367.0,
            405.0,
            2276.0,
            866.0,
            1655.0,
            2898.0,
            3010.0,
            2159.0,
            2468.0,
            2410.0,
            2154.0,
            1769.0,
            2364.0,
            2629.0,
            920.0,
            2127.0,
            758.0,
            1296.0,
            1310.0,
            3018.0,
            2006.0,
            0.0
        ]
    ],
    "_travel_distance_matrix": [
        [
            0,
            13,
            13,
            4,
            10,
            22,
            5,
            15,
            18,
            13,
            10,
            10,
            5,
            15,
            7,
            13,
            20,
            22,
            14,
            17,
            16,
            14,
            11,
            16,
            18,
            4,
            14,
            7,
            10,
            12,
            21,
            15,
            5
        ],
        [
            13,
            0,
            13,
            10,
            6,
            19,
            11,
            9,
            15,
            16,
            3,
            8,
            14,
            10,
            18,
            23,
            10,
            10,
            7,
            6,
            18,
            10,
            2,
            7,
            13,
            12,
            4,
            12,
            9,
            14,
            18,
            6,
            16
        ],
        [
            13,
            13,
            0,
            13,
            15,
            10,
            8,
            6,
            6,
            5,
            11,
            17,
            17,
            6,
            14,
            15,
            13,
            19,
            8,
            13,
            6,
            4,
            11,
            9,
            6,
            10,
            10,
            18,
            17,
            22,
            9,
            18,
            17
        ],
        [
            4,
            10,
            13,
            0,
            7,
            22,
            6,
            13,
            18,
            14,
            8,
            7,
            5,
            13,
            10,
            16,
            18,
            19,
            12,
            14,
            17,
            13,
            8,
            14,
            17,
            5,
            11,
            5,
            7,
            11,
            21,
            12,
            7
        ],
        [
            10,
            6,
            15,
            7,
            0,
            23,
            11,
            13,
            19,
            18,
            5,
            3,
            10,
            14,
            17,
            22,
            15,
            14,
            11,
            11,
            21,
            14,
            6,
            12,
            17,
            12,
            9,
            8,
            4,
            9,
            22,
            5,
            13
        ],
        [
            22,
            19,
            10,
            22,
            23,
            0,
            18,
            10,
            5,
            12,
            18,
            25,
            26,
            10,
            23,
            23,
            12,
            20,
            12,
            15,
            9,
            10,
            18,
            12,
            6,
            19,
            15,
            27,
            25,
            31,
            2,
            24,
            27
        ],
        [
            5,
            11,
            8,
            6,
            11,
            18,
            0,
            11,
            14,
            9,
            9,
            12,
            9,
            11,
            8,
            12,
            17,
            20,
            10,
            14,
            12,
            9,
            9,
            12,
            13,
            2,
            11,
            10,
            12,
            16,
            16,
            15,
            10
        ],
        [
            15,
            9,
            6,
            13,
            13,
            10,
            11,
            0,
            7,
            10,
            9,
            15,
            18,
            1,
            18,
            20,
            7,
            13,
            3,
            7,
            11,
            3,
            8,
            4,
            4,
            13,
            6,
            18,
            16,
            21,
            10,
            15,
            20
        ],
        [
            18,
            15,
            6,
            18,
            19,
            5,
            14,
            7,
            0,
            8,
            15,
            21,
            22,
            6,
            19,
            19,
            11,
            19,
            9,
            13,
            6,
            6,
            15,
            10,
            4,
            15,
            12,
            23,
            22,
            27,
            3,
            21,
            23
        ],
        [
            13,
            16,
            5,
            14,
            18,
            12,
            9,
            10,
            8,
            0,
            14,
            19,
            17,
            10,
            12,
            11,
            17,
            23,
            12,
            16,
            4,
            8,
            14,
            13,
            10,
            10,
            14,
            19,
            19,
            24,
            10,
            21,
            17
        ],
        [
            10,
            3,
            11,
            8,
            5,
            18,
            9,
            9,
            15,
            14,
            0,
            7,
            12,
            9,
            16,
            21,
            11,
            12,
            6,
            7,
            16,
            9,
            1,
            7,
            12,
            10,
            5,
            11,
            8,
            14,
            17,
            8,
            14
        ],
        [
            10,
            8,
            17,
            7,
            3,
            25,
            12,
            15,
            21,
            19,
            7,
            0,
            9,
            16,
            17,
            23,
            17,
            16,
            13,
            13,
            22,
            16,
            8,
            14,
            19,
            12,
            11,
            6,
            1,
            7,
            24,
            6,
            12
        ],
        [
            5,
            14,
            17,
            5,
            10,
            26,
            9,
            18,
            22,
            17,
            12,
            9,
            0,
            18,
            10,
            17,
            23,
            23,
            17,
            19,
            21,
            17,
            13,
            18,
            21,
            8,
            16,
            3,
            8,
            8,
            25,
            14,
            4
        ],
        [
            15,
            10,
            6,
            13,
            14,
            10,
            11,
            1,
            6,
            10,
            9,
            16,
            18,
            0,
            18,
            20,
            8,
            14,
            3,
            8,
            10,
            2,
            9,
            4,
            4,
            12,
            6,
            18,
            16,
            22,
            9,
            15,
            19
        ],
        [
            7,
            18,
            14,
            10,
            17,
            23,
            8,
            18,
            19,
            12,
            16,
            17,
            10,
            18,
            0,
            7,
            24,
            27,
            18,
            22,
            15,
            16,
            17,
            20,
            20,
            6,
            19,
            13,
            16,
            18,
            22,
            21,
            8
        ],
        [
            13,
            23,
            15,
            16,
            22,
            23,
            12,
            20,
            19,
            11,
            21,
            23,
            17,
            20,
            7,
            0,
            27,
            31,
            21,
            25,
            14,
            18,
            21,
            23,
            21,
            11,
            22,
            19,
            22,
            25,
            21,
            27,
            14
        ],
        [
            20,
            10,
            13,
            18,
            15,
            12,
            17,
            7,
            11,
            17,
            11,
            17,
            23,
            8,
            24,
            27,
            0,
            8,
            7,
            5,
            17,
            9,
            11,
            5,
            8,
            19,
            7,
            21,
            18,
            24,
            13,
            15,
            25
        ],
        [
            22,
            10,
            19,
            19,
            14,
            20,
            20,
            13,
            19,
            23,
            12,
            16,
            23,
            14,
            27,
            31,
            8,
            0,
            11,
            7,
            23,
            15,
            11,
            10,
            15,
            21,
            9,
            21,
            16,
            21,
            21,
            11,
            26
        ],
        [
            14,
            7,
            8,
            12,
            11,
            12,
            10,
            3,
            9,
            12,
            6,
            13,
            17,
            3,
            18,
            21,
            7,
            11,
            0,
            5,
            13,
            5,
            6,
            2,
            7,
            12,
            3,
            16,
            14,
            19,
            12,
            12,
            18
        ],
        [
            17,
            6,
            13,
            14,
            11,
            15,
            14,
            7,
            13,
            16,
            7,
            13,
            19,
            8,
