{
    "_id_": "t=euclidean+d=7+c=3+n=05+v=3+o=100+r=03",
    "meta": {
        "t": "euclidean",
        "d": 7,
        "c": 3,
        "n": 5,
        "v": 3,
        "o": 100,
        "r": 3
    },
    "num_carriers": 3,
    "max_vehicle_load": 999999999,
    "max_tour_distance": 999999999,
    "max_tour_duration": 999999999,
    "carriers_max_num_tours": 3,
    "requests": [
        0,
        1,
        2,
        3,
        4,
        5,
        6,
        7,
        8,
        9,
        10,
        11,
        12,
        13,
        14
    ],
    "num_requests": 15,
    "num_requests_per_carrier": 5,
    "vertex_x_coords": [
        19.5,
        9.000000000000002,
        8.999999999999996,
        18.19720686274213,
        10.83460564300123,
        15.20761622743023,
        10.873119315563336,
        22.314027988011926,
        4.002324715102601,
        13.941208551339518,
        7.928288239117082,
        20.681081937276584,
        23.635320152554993,
        12.474166423990754,
        10.831093934893829,
        5.505107868498768,
        12.885637294880784,
        2.0924378981902443
    ],
    "vertex_y_coords": [
        12.5,
        18.562177826491073,
        6.4378221735089305,
        3.5539779282056845,
        17.602804538417384,
        16.13240719524959,
        12.835173433197072,
        2.7318150545783126,
        0.2527013896050423,
        4.164856117660665,
        24.915530458174512,
        2.0439904958819533,
        9.946491144699563,
        21.086522660967862,
        3.4415791785482486,
        6.966317941519626,
        0.2554256795178289,
        19.930242884307972
    ],
    "request_to_carrier_assignment": [
        0,
        0,
        0,
        0,
        0,
        1,
        1,
        1,
        1,
        1,
        2,
        2,
        2,
        2,
        2
    ],
    "request_disclosure_time": [
        "0001-01-01T00:00:00",
        "0001-01-01T06:48:00",
        "0001-01-01T13:36:00",
        "0001-01-01T20:24:00",
        "0001-01-02T03:12:00",
        "0001-01-01T00:00:00",
        "0001-01-01T06:48:00",
        "0001-01-01T13:36:00",
        "0001-01-01T20:24:00",
        "0001-01-02T03:12:00",
        "0001-01-01T00:00:00",
        "0001-01-01T06:48:00",
        "0001-01-01T13:36:00",
        "0001-01-01T20:24:00",
        "0001-01-02T03:12:00"
    ],
    "vertex_revenue": [
        0,
        0,
        0,
        1,
        1,
        1,
        1,
        1,
        1,
        1,
        1,
        1,
        1,
        1,
        1,
        1,
        1,
        1
    ],
    "vertex_load": [
        0,
        0,
        0,
        1,
        1,
        1,
        1,
        1,
        1,
        1,
        1,
        1,
        1,
        1,
        1,
        1,
        1,
        1
    ],
    "vertex_service_duration": [
        0,
        0,
        0,
        240.0,
        240.0,
        240.0,
        240.0,
        240.0,
        240.0,
        240.0,
        240.0,
        240.0,
        240.0,
        240.0,
        240.0,
        240.0,
        240.0,
        240.0
    ],
    "tw_open": [
        "0001-01-02T10:00:00",
        "0001-01-02T10:00:00",
        "0001-01-02T10:00:00",
        "0001-01-02T10:00:00",
        "0001-01-02T10:00:00",
        "0001-01-02T10:00:00",
        "0001-01-02T10:00:00",
        "0001-01-02T10:00:00",
        "0001-01-02T10:00:00",
        "0001-01-02T10:00:00",
        "0001-01-02T10:00:00",
        "0001-01-02T10:00:00",
        "0001-01-02T10:00:00",
        "0001-01-02T10:00:00",
        "0001-01-02T10:00:00",
        "0001-01-02T10:00:00",
        "0001-01-02T10:00:00",
        "0001-01-02T10:00:00"
    ],
    "tw_close": [
        "0001-01-02T18:00:00",
        "0001-01-02T18:00:00",
        "0001-01-02T18:00:00",
        "0001-01-02T18:00:00",
        "0001-01-02T18:00:00",
        "0001-01-02T18:00:00",
        "0001-01-02T18:00:00",
        "0001-01-02T18:00:00",
        "0001-01-02T18:00:00",
        "0001-01-02T18:00:00",
        "0001-01-02T18:00:00",
        "0001-01-02T18:00:00",
        "0001-01-02T18:00:00",
        "0001-01-02T18:00:00",
        "0001-01-02T18:00:00",
        "0001-01-02T18:00:00",
        "0001-01-02T18:00:00",
        "0001-01-02T18:00:00"
    ],
    "_travel_duration_matrix": [
        [
            0.0,
            1455.0,
            1455.0,
            1085.0,
            1207.0,
            675.0,
            1037.0,
            1220.0,
            2371.0,
            1203.0,
            2037.0,
            1263.0,
            584.0,
            1332.0,
            1505.0,
            1806.0,
            1671.0,
            2272.0
        ],
        [
            1455.0,
            0.0,
            1455.0,
            2113.0,
            249.0,
            800.0,
            724.0,
            2483.0,
            2278.0,
            1827.0,
            774.0,
            2428.0,
            2038.0,
            516.0,
            1828.0,
            1454.0,
            2246.0,
            846.0
        ],
        [
            1455.0,
            1455.0,
            0.0,
            1157.0,
            1358.0,
            1382.0,
            800.0,
            1659.0,
            955.0,
            653.0,
            2222.0,
            1498.0,
            1807.0,
            1807.0,
            422.0,
            425.0,
            877.0,
            1819.0
        ],
        [
            1085.0,
            2113.0,
            1157.0,
            0.0,
            1904.0,
            1552.0,
            1419.0,
            504.0,
            1749.0,
            516.0,
            2845.0,
            349.0,
            1008.0,
            2214.0,
            885.0,
            1578.0,
            751.0,
            2757.0
        ],
        [
            1207.0,
            249.0,
            1358.0,
            1904.0,
            0.0,
            554.0,
            573.0,
            2255.0,
            2238.0,
            1656.0,
            945.0,
            2210.0,
            1790.0,
            463.0,
            1700.0,
            1428.0,
            2097.0,
            1086.0
        ],
        [
            675.0,
            800.0,
            1382.0,
            1552.0,
            554.0,
            0.0,
            654.0,
            1821.0,
            2333.0,
            1445.0,
            1369.0,
            1814.0,
            1255.0,
            679.0,
            1611.0,
            1602.0,
            1926.0,
            1639.0
        ],
        [
            1037.0,
            724.0,
            800.0,
            1419.0,
            573.0,
            654.0,
            0.0,
            1832.0,
            1721.0,
            1104.0,
            1493.0,
            1750.0,
            1571.0,
            1009.0,
            1128.0,
            955.0,
            1529.0,
            1355.0
        ],
        [
            1220.0,
            2483.0,
            1659.0,
            504.0,
            2255.0,
            1821.0,
            1832.0,
            0.0,
            2218.0,
            1020.0,
            3173.0,
            213.0,
            881.0,
            2500.0,
            1381.0,
            2081.0,
            1170.0,
            3186.0
        ],
        [
            2371.0,
            2278.0,
            955.0,
            1749.0,
            2238.0,
            2333.0,
            1721.0,
            2218.0,
            0.0,
            1282.0,
            2997.0,
            2013.0,
            2628.0,
            2699.0,
            905.0,
            826.0,
            1066.0,
            2373.0
        ],
        [
            1203.0,
            1827.0,
            653.0,
            516.0,
            1656.0,
            1445.0,
            1104.0,
            1020.0,
            1282.0,
            0.0,
            2593.0,
            848.0,
            1355.0,
            2039.0,
            384.0,
            1067.0,
            486.0,
            2367.0
        ],
        [
            2037.0,
            774.0,
            2222.0,
            2845.0,
            945.0,
            1369.0,
            1493.0,
            3173.0,
            2997.0,
            2593.0,
            0.0,
            3143.0,
            2604.0,
            714.0,
            2601.0,
            2174.0,
            3019.0,
            922.0
        ],
        [
            1263.0,
            2428.0,
            1498.0,
            349.0,
            2210.0,
            1814.0,
            1750.0,
            213.0,
            2013.0,
            848.0,
            3143.0,
            0.0,
            1013.0,
            2489.0,
            1194.0,
            1915.0,
            960.0,
            3096.0
        ],
        [
            584.0,
            2038.0,
            1807.0,
            1008.0,
            1790.0,
            1255.0,
            1571.0,
            881.0,
            2628.0,
            1355.0,
            2604.0,
            1013.0,
            0.0,
            1893.0,
            1724.0,
            2205.0,
            1737.0,
            2850.0
        ],
        [
            1332.0,
            516.0,
            1807.0,
            2214.0,
            463.0,
            679.0,
            1009.0,
            2500.0,
            2699.0,
            2039.0,
            714.0,
            2489.0,
            1893.0,
            0.0,
            2127.0,
            1890.0,
            2501.0,
            1254.0
        ],
        [
            1505.0,
            1828.0,
            422.0,
            885.0,
            1700.0,
            1611.0,
            1128.0,
            1381.0,
            905.0,
            384.0,
            2601.0,
            1194.0,
            1724.0,
            2127.0,
            0.0,
            767.0,
            455.0,
            2240.0
        ],
        [
            1806.0,
            1454.0,
            425.0,
            1578.0,
            1428.0,
            1602.0,
            955.0,
            2081.0,
            826.0,
            1067.0,
            2174.0,
            1915.0,
            2205.0,
            1890.0,
            767.0,
            0.0,
            1198.0,
            1609.0
        ],
        [
            1671.0,
            2246.0,
            877.0,
            751.0,
            2097.0,
            1926.0,
            1529.0,
            1170.0,
            1066.0,
            486.0,
            3019.0,
            960.0,
            1737.0,
            2501.0,
            455.0,
            1198.0,
            0.0,
            2693.0
        ],
        [
            2272.0,
            846.0,
            1819.0,
            2757.0,
            1086.0,
            1639.0,
            1355.0,
            3186.0,
            2373.0,
            2367.0,
            922.0,
            3096.0,
            2850.0,
            1254.0,
            2240.0,
            1609.0,
            2693.0,
            0.0
        ]
    ],
    "_travel_distance_matrix": [
        [
            0,
            13,
            13,
            10,
            11,
            6,
            9,
            11,
            20,
            11,
            17,
            11,
            5,
            12,
            13,
            16,
            14,
            19
        ],
        [
            13,
            0,
            13,
            18,
            3,
            7,
            7,
            21,
            19,
            16,
            7,
            21,
            17,
            5,
            16,
            13,
            19,
            8
        ],
        [
            13,
            13,
            0,
            10,
            12,
            12,
            7,
            14,
            8,
            6,
            19,
            13,
            16,
            16,
            4,
            4,
            8,
            16
        ],
        [
            10,
            18,
            10,
            0,
            16,
            13,
            12,
            5,
            15,
            5,
            24,
            3,
            9,
            19,
            8,
            14,
            7,
            23
        ],
        [
            11,
            3,
            12,
            16,
            0,
            5,
            5,
            19,
            19,
            14,
            8,
            19,
            15,
            4,
            15,
            12,
            18,
            10
        ],
        [
            6,
            7,
            12,
            13,
            5,
            0,
            6,
            16,
            20,
            13,
            12,
            16,
            11,
            6,
            14,
            14,
            17,
            14
        ],
        [
            9,
            7,
            7,
            12,
            5,
            6,
            0,
            16,
            15,
            10,
            13,
            15,
            14,
            9,
            10,
            8,
            13,
            12
        ],
        [
            11,
            21,
            14,
            5,
            19,
            16,
            16,
            0,
            19,
            9,
            27,
            2,
            8,
            21,
            12,
            18,
            10,
            27
        ],
        [
            20,
            19,
            8,
            15,
            19,
            20,
            15,
            19,
            0,
            11,
            25,
            17,
            22,
            23,
            8,
            7,
            9,
            20
        ],
        [
            11,
            16,
            6,
            5,
            14,
            13,
            10,
            9,
            11,
            0,
            22,
            8,
            12,
            17,
            4,
            9,
            5,
            20
        ],
        [
            17,
            7,
            19,
            24,
            8,
            12,
            13,
            27,
            25,
            22,
            0,
            27,
            22,
            6,
            22,
            19,
            26,
            8
        ],
        [
            11,
            21,
            13,
            3,
            19,
            16,
            15,
            2,
            17,
            8,
            27,
            0,
            9,
            21,
            10,
            16,
            8,
            26
        ],
        [
            5,
            17,
            16,
            9,
            15,
            11,
            14,
            8,
            22,
            12,
            22,
            9,
            0,
            16,
            15,
            19,
            15,
            24
        ],
        [
            12,
            5,
            16,
            19,
            4,
            6,
            9,
            21,
            23,
            17,
            6,
            21,
            16,
            0,
            18,
            16,
            21,
            11
        ],
        [
            13,
            16,
            4,
            8,
            15,
            14,
            10,
            12,
            8,
            4,
            22,
            10,
            15,
            18,
            0,
            7,
            4,
            19
        ],
        [
            16,
            13,
            4,
            14,
            12,
            14,
            8,
            18,
            7,
            9,
            19,
            16,
            19,
            16,
            7,
            0,
            10,
            14
        ],
        [
            14,
            19,
            8,
            7,
            18,
            17,
            13,
            10,
            9,
            5,
            26,
            8,
            15,
            21,
            4,
            10,
            0,
            23
        ],
        [
            19,
            8,
            16,
            23,
            10,
            14,
            12,
            27,
            20,
            20,
            8,
            26,
            24,
            11,
            19,
            14,
            23,
            0
        ]
    ]
}