{
    "_id_": "t=euclidean+d=7+c=3+n=10+v=3+o=100+r=11",
    "meta": {
        "t": "euclidean",
        "d": 7,
        "c": 3,
        "n": 10,
        "v": 3,
        "o": 100,
        "r": 11
    },
    "num_carriers": 3,
    "max_vehicle_load": 999999999,
    "max_tour_distance": 999999999,
    "max_tour_duration": 999999999,
    "carriers_max_num_tours": 3,
    "requests": [
        0,
        1,
        2,
        3,
        4,
        5,
        6,
        7,
        8,
        9,
        10,
        11,
        12,
        13,
        14,
        15,
        16,
        17,
        18,
        19,
        20,
        21,
        22,
        23,
        24,
        25,
        26,
        27,
        28,
        29
    ],
    "num_requests": 30,
    "num_requests_per_carrier": 10,
    "vertex_x_coords": [
        19.5,
        9.000000000000002,
        8.999999999999996,
        1.5616641933343307,
        7.483312001114956,
        7.913772567975452,
        23.994766273719563,
        6.700112115603804,
        22.934459215633012,
        23.72079447637657,
        20.093863254265738,
        14.6321218137658,
        9.101783629330779,
        2.230987489929728,
        20.342493954240137,
        23.909646899189315,
        20.187157176563343,
        13.309159344358104,
        7.033202233628594,
        13.830771875036765,
        20.60295094489833,
        17.3144986275234,
        24.283986799137587,
        21.883521064102794,
        14.410040314736127,
        21.27994027686011,
        15.120241546167554,
        18.224435989597946,
        16.051777619613375,
        1.2313246014635655,
        6.909578256095289,
        14.584587638385225,
        5.209640803740406
    ],
    "vertex_y_coords": [
        12.5,
        18.562177826491073,
        6.4378221735089305,
        5.240819752246237,
        22.751425089822746,
        14.638110776382609,
        20.356035775125846,
        1.1897676344621022,
        4.480469037445298,
        10.702740585663213,
        7.851814869235138,
        10.523732581933201,
        21.892381488510452,
        15.058353667926589,
        4.03261874774985,
        17.905746505700765,
        5.682554894532582,
        13.870399061173377,
        3.3240320814025366,
        19.40205647769637,
        5.685778902651392,
        11.71987372951651,
        11.236318953248453,
        13.577759401920622,
        5.101148411841932,
        9.612103263542386,
        6.296912076089748,
        13.73676500978659,
        13.793923956706086,
        10.078023368238723,
        9.882175162457896,
        9.266675336549369,
        18.469629439499197
    ],
    "request_to_carrier_assignment": [
        0,
        0,
        0,
        0,
        0,
        0,
        0,
        0,
        0,
        0,
        1,
        1,
        1,
        1,
        1,
        1,
        1,
        1,
        1,
        1,
        2,
        2,
        2,
        2,
        2,
        2,
        2,
        2,
        2,
        2
    ],
    "request_disclosure_time": [
        "0001-01-01T00:00:00",
        "0001-01-01T03:24:00",
        "0001-01-01T06:48:00",
        "0001-01-01T10:12:00",
        "0001-01-01T13:36:00",
        "0001-01-01T17:00:00",
        "0001-01-01T20:24:00",
        "0001-01-01T23:48:00",
        "0001-01-02T03:12:00",
        "0001-01-02T06:36:00",
        "0001-01-01T00:00:00",
        "0001-01-01T03:24:00",
        "0001-01-01T06:48:00",
        "0001-01-01T10:12:00",
        "0001-01-01T13:36:00",
        "0001-01-01T17:00:00",
        "0001-01-01T20:24:00",
        "0001-01-01T23:48:00",
        "0001-01-02T03:12:00",
        "0001-01-02T06:36:00",
        "0001-01-01T00:00:00",
        "0001-01-01T03:24:00",
        "0001-01-01T06:48:00",
        "0001-01-01T10:12:00",
        "0001-01-01T13:36:00",
        "0001-01-01T17:00:00",
        "0001-01-01T20:24:00",
        "0001-01-01T23:48:00",
        "0001-01-02T03:12:00",
        "0001-01-02T06:36:00"
    ],
    "vertex_revenue": [
        0,
        0,
        0,
        1,
        1,
        1,
        1,
        1,
        1,
        1,
        1,
        1,
        1,
        1,
        1,
        1,
        1,
        1,
        1,
        1,
        1,
        1,
        1,
        1,
        1,
        1,
        1,
        1,
        1,
        1,
        1,
        1,
        1
    ],
    "vertex_load": [
        0,
        0,
        0,
        1,
        1,
        1,
        1,
        1,
        1,
        1,
        1,
        1,
        1,
        1,
        1,
        1,
        1,
        1,
        1,
        1,
        1,
        1,
        1,
        1,
        1,
        1,
        1,
        1,
        1,
        1,
        1,
        1,
        1
    ],
    "vertex_service_duration": [
        0,
        0,
        0,
        240.0,
        240.0,
        240.0,
        240.0,
        240.0,
        240.0,
        240.0,
        240.0,
        240.0,
        240.0,
        240.0,
        240.0,
        240.0,
        240.0,
        240.0,
        240.0,
        240.0,
        240.0,
        240.0,
        240.0,
        240.0,
        240.0,
        240.0,
        240.0,
        240.0,
        240.0,
        240.0,
        240.0,
        240.0,
        240.0
    ],
    "tw_open": [
        "0001-01-02T10:00:00",
        "0001-01-02T10:00:00",
        "0001-01-02T10:00:00",
        "0001-01-02T10:00:00",
        "0001-01-02T10:00:00",
        "0001-01-02T10:00:00",
        "0001-01-02T10:00:00",
        "0001-01-02T10:00:00",
        "0001-01-02T10:00:00",
        "0001-01-02T10:00:00",
        "0001-01-02T10:00:00",
        "0001-01-02T10:00:00",
        "0001-01-02T10:00:00",
        "0001-01-02T10:00:00",
        "0001-01-02T10:00:00",
        "0001-01-02T10:00:00",
        "0001-01-02T10:00:00",
        "0001-01-02T10:00:00",
        "0001-01-02T10:00:00",
        "0001-01-02T10:00:00",
        "0001-01-02T10:00:00",
        "0001-01-02T10:00:00",
        "0001-01-02T10:00:00",
        "0001-01-02T10:00:00",
        "0001-01-02T10:00:00",
        "0001-01-02T10:00:00",
        "0001-01-02T10:00:00",
        "0001-01-02T10:00:00",
        "0001-01-02T10:00:00",
        "0001-01-02T10:00:00",
        "0001-01-02T10:00:00",
        "0001-01-02T10:00:00",
        "0001-01-02T10:00:00"
    ],
    "tw_close": [
        "0001-01-02T18:00:00",
        "0001-01-02T18:00:00",
        "0001-01-02T18:00:00",
        "0001-01-02T18:00:00",
        "0001-01-02T18:00:00",
        "0001-01-02T18:00:00",
        "0001-01-02T18:00:00",
        "0001-01-02T18:00:00",
        "0001-01-02T18:00:00",
        "0001-01-02T18:00:00",
        "0001-01-02T18:00:00",
        "0001-01-02T18:00:00",
        "0001-01-02T18:00:00",
        "0001-01-02T18:00:00",
        "0001-01-02T18:00:00",
        "0001-01-02T18:00:00",
        "0001-01-02T18:00:00",
        "0001-01-02T18:00:00",
        "0001-01-02T18:00:00",
        "0001-01-02T18:00:00",
        "0001-01-02T18:00:00",
        "0001-01-02T18:00:00",
        "0001-01-02T18:00:00",
        "0001-01-02T18:00:00",
        "0001-01-02T18:00:00",
        "0001-01-02T18:00:00",
        "0001-01-02T18:00:00",
        "0001-01-02T18:00:00",
        "0001-01-02T18:00:00",
        "0001-01-02T18:00:00",
        "0001-01-02T18:00:00",
        "0001-01-02T18:00:00",
        "0001-01-02T18:00:00"
    ],
    "_travel_duration_matrix": [
        [
            0.0,
            1455.0,
            1455.0,
            2323.0,
            1896.0,
            1414.0,
            1087.0,
            2050.0,
            1047.0,
            551.0,
            563.0,
            631.0,
            1682.0,
            2095.0,
            1022.0,
            838.0,
            823.0,
            761.0,
            1858.0,
            1072.0,
            829.0,
            279.0,
            594.0,
            314.0,
            1078.0,
            408.0,
            912.0,
            214.0,
            442.0,
            2212.0,
            1544.0,
            707.0,
            1859.0
        ],
        [
            1455.0,
            0.0,
            1455.0,
            1831.0,
            535.0,
            489.0,
            1813.0,
            2103.0,
            2378.0,
            2003.0,
            1851.0,
            1178.0,
            400.0,
            915.0,
            2212.0,
            1791.0,
            2048.0,
            765.0,
            1844.0,
            589.0,
            2080.0,
            1293.0,
            2034.0,
            1658.0,
            1741.0,
            1824.0,
            1645.0,
            1250.0,
            1022.0,
            1381.0,
            1072.0,
            1302.0,
            455.0
        ],
        [
            1455.0,
            1455.0,
            0.0,
            905.0,
            1967.0,
            993.0,
            2456.0,
            688.0,
            1689.0,
            1840.0,
            1343.0,
            835.0,
            1855.0,
            1316.0,
            1392.0,
            2258.0,
            1346.0,
            1031.0,
            442.0,
            1661.0,
            1396.0,
            1183.0,
            1923.0,
            1768.0,
            669.0,
            1523.0,
            735.0,
            1412.0,
            1223.0,
            1030.0,
            484.0,
            752.0,
            1514.0
        ],
        [
            2323.0,
            1831.0,
            905.0,
            0.0,
            2219.0,
            1362.0,
            3247.0,
            786.0,
            2567.0,
            2739.0,
            2246.0,
            1692.0,
            2194.0,
            1181.0,
            2259.0,
            3083.0,
            2236.0,
            1750.0,
            696.0,
            2249.0,
            2286.0,
            2044.0,
            2820.0,
            2636.0,
            1542.0,
            2424.0,
            1632.0,
            2245.0,
            2020.0,
            582.0,
            850.0,
            1636.0,
            1647.0
        ],
        [
            1896.0,
            535.0,
            1967.0,
            2219.0,
            0.0,
            975.0,
            2003.0,
            2590.0,
            2872.0,
            2427.0,
            2343.0,
            1700.0,
            220.0,
            1118.0,
            2726.0,
            2056.0,
            2554.0,
            1275.0,
            2332.0,
            862.0,
            2584.0,
            1774.0,
            2445.0,
            2049.0,
            2276.0,
            2287.0,
            2177.0,
            1683.0,
            1488.0,
            1696.0,
            1546.0,
            1829.0,
            582.0
        ],
        [
            1414.0,
            489.0,
            993.0,
            1362.0,
            975.0,
            0.0,
            2049.0,
            1621.0,
            2176.0,
            1955.0,
            1674.0,
            946.0,
            883.0,
            684.0,
            1961.0,
            1960.0,
            1824.0,
            654.0,
            1362.0,
            912.0,
            1864.0,
            1182.0,
            2007.0,
            1682.0,
            1385.0,
            1714.0,
            1323.0,
            1242.0,
            982.0,
            971.0,
            584.0,
            1028.0,
            563.0
        ],
        [
            1087.0,
            1813.0,
            2456.0,
            3247.0,
            2003.0,
            2049.0,
            0.0,
            3098.0,
            1910.0,
            1159.0,
            1572.0,
            1630.0,
            1797.0,
            2688.0,
            2008.0,
            295.0,
            1820.0,
            1500.0,
            2885.0,
            1226.0,
            1807.0,
            1311.0,
            1095.0,
            852.0,
            2162.0,
            1330.0,
            1996.0,
            1054.0,
            1237.0,
            2998.0,
            2405.0,
            1746.0,
            2266.0
        ],
        [
            2050.0,
            2103.0,
            688.0,
            786.0,
            2590.0,
            1621.0,
            3098.0,
            0.0,
            1988.0,
            2340.0,
            1796.0,
            1470.0,
            2501.0,
            1749.0,
            1673.0,
            2879.0,
            1706.0,
            1716.0,
            260.0,
            2348.0,
            1754.0,
            1795.0,
            2431.0,
            2352.0,
            1038.0,
            2021.0,
            1182.0,
            2045.0,
            1884.0,
            1253.0,
            1044.0,
            1355.0,
            2082.0
        ],
        [
            1047.0,
            2378.0,
            1689.0,
            2567.0,
            2872.0,
            2176.0,
            1910.0,
            1988.0,
            0.0,
            753.0,
            530.0,
            1233.0,
            2669.0,
            2790.0,
            316.0,
            1616.0,
            360.0,
            1614.0,
            1914.0,
            2098.0,
            315.0,
            1100.0,
            827.0,
            1099.0,
            1026.0,
            648.0,
            963.0,
            1247.0,
            1390.0,
            2690.0,
            2030.0,
            1155.0,
            2710.0
        ],
        [
            551.0,
            2003.0,
            1840.0,
            2739.0,
            2427.0,
            1955.0,
            1159.0,
            2340.0,
            753.0,
            0.0,
            554.0,
            1091.0,
            2210.0,
            2632.0,
            898.0,
            865.0,
            737.0,
            1306.0,
            2190.0,
            1581.0,
            709.0,
            779.0,
            94.0,
            410.0,
            1304.0,
            321.0,
            1160.0,
            754.0,
            993.0,
            2700.0,
            2020.0,
            1110.0,
            2409.0
        ],
        [
            563.0,
            1851.0,
            1343.0,
            2246.0,
            2343.0,
            1674.0,
            1572.0,
            1796.0,
            530.0,
            554.0,
            0.0,
            730.0,
            2140.0,
            2312.0,
            460.0,
            1291.0,
            261.0,
            1089.0,
            1659.0,
            1577.0,
            268.0,
            572.0,
            647.0,
            720.0,
            758.0,
            255.0,
            626.0,
            741.0,
            863.0,
            2280.0,
            1601.0,
            683.0,
            2194.0
        ],
        [
            631.0,
            1178.0,
            835.0,
            1692.0,
            1700.0,
            946.0,
            1630.0,
            1470.0,
            1233.0,
            1091.0,
            730.0,
            0.0,
            1518.0,
            1585.0,
            1038.0,
            1423.0,
            885.0,
            432.0,
            1257.0,
            1070.0,
            923.0,
            353.0,
            1162.0,
            945.0,
            652.0,
            806.0,
            511.0,
            579.0,
            428.0,
            1609.0,
            930.0,
            151.0,
            1480.0
        ],
        [
            1682.0,
            400.0,
            1855.0,
            2194.0,
            220.0,
            883.0,
            1797.0,
            2501.0,
            2669.0,
            2210.0,
            2140.0,
            1518.0,
            0.0,
            1163.0,
            2533.0,
            1841.0,
            2357.0,
            1088.0,
            2242.0,
            642.0,
            2385.0,
            1569.0,
            2226.0,
            1830.0,
            2114.0,
            2076.0,
            2006.0,
            1469.0,
            1281.0,
            1704.0,
            1466.0,
            1652.0,
            622.0
        ],
        [
            2095.0,
            915.0,
            1316.0,
            1181.0,
            1118.0,
            684.0,
            2688.0,
            1749.0,
            2790.0,
            2632.0,
            2312.0,
            1585.0,
            1163.0,
            0.0,
            2545.0,
            2624.0,
            2431.0,
            1338.0,
            1522.0,
            1487.0,
            2475.0,
            1854.0,
            2686.0,
            2365.0,
            1888.0,
            2378.0,
            1871.0,
            1926.0,
            1666.0,
            610.0,
            838.0,
            1638.0,
            544.0
        ],
        [
            1022.0,
            2212.0,
            1392.0,
            2259.0,
            2726.0,
            1961.0,
            2008.0,
            1673.0,
            316.0,
            898.0,
            460.0,
            1038.0,
            2533.0,
            2545.0,
            0.0,
            1719.0,
            199.0,
            1452.0,
            1600.0,
            2004.0,
            201.0,
            992.0,
            986.0,
            1161.0,
            724.0,
            679.0,
            684.0,
            1192.0,
            1280.0,
            2406.0,
            1759.0,
            934.0,
            2510.0
        ],
        [
            838.0,
            1791.0,
            2258.0,
            3083.0,
            2056.0,
            1960.0,
            295.0,
            2879.0,
            1616.0,
            865.0,
            1291.0,
            1423.0,
            1841.0,
            2624.0,
            1719.0,
            0.0,
            1534.0,
            1362.0,
            2677.0,
            1223.0,
            1520.0,
            1086.0,
            802.0,
            574.0,
            1914.0,
            1045.0,
            1748.0,
            846.0,
            1065.0,
            2879.0,
            2256.0,
            1526.0,
            2246.0
        ],
        [
            823.0,
            2048.0,
            1346.0,
            2236.0,
            2554.0,
            1824.0,
            1820.0,
            1706.0,
            360.0,
            737.0,
            261.0,
            885.0,
            2357.0,
            2431.0,
            199.0,
            1534.0,
            0.0,
            1284.0,
            1604.0,
            1815.0,
            50.0,
            803.0,
            829.0,
            970.0,
            697.0,
            490.0,
            613.0,
            995.0,
            1093.0,
            2336.0,
            1672.0,
            799.0,
            2364.0
        ],
        [
            761.0,
            765.0,
            1031.0,
            1750.0,
            1275.0,
            654.0,
            1500.0,
            1716.0,
            1614.0,
            1306.0,
            1089.0,
            432.0,
            1088.0,
            1338.0,
            1452.0,
            1362.0,
            1284.0,
            0.0,
            1473.0,
            667.0,
            1316.0,
            546.0,
            1355.0,
            1030.0,
            1061.0,
            1085.0,
            935.0,
            591.0,
            330.0,
            1520.0,
            905.0,
            574.0,
            1118.0
        ],
        [
            1858.0,
            1844.0,
            442.0,
            696.0,
            2332.0,
            1362.0,
            2885.0,
            260.0,
            1914.0,
            2190.0,
            1659.0,
            1257.0,
            2242.0,
            1522.0,
            1600.0,
            2677.0,
            1604.0,
            1473.0,
            0.0,
            2095.0,
            1653.0,
            1593.0,
            2278.0,
            2166.0,
            911.0,
            1869.0,
            1034.0,
            1835.0,
            1659.0,
            1069.0,
            788.0,
            1154.0,
            1831.0
        ],
        [
            1072.0,
            589.0,
            1661.0,
            2249.0,
            862.0,
            912.0,
            1226.0,
            2348.0,
            2098.0,
            1581.0,
            1577.0,
            1070.0,
            642.0,
            1487.0,
            2004.0,
            1223.0,
            1815.0,
            667.0,
            2095.0,
            0.0,
            1836.0,
            1013.0,
            1592.0,
            1193.0,
            1718.0,
            1477.0,
            1581.0,
            861.0,
            724.0,
            1881.0,
            1413.0,
            1220.0,
            1041.0
        ],
        [
            829.0,
            2080.0,
            1396.0,
            2286.0,
            2584.0,
            1864.0,
            1807.0,
            1754.0,
            315.0,
            709.0,
            268.0,
            923.0,
            2385.0,
            2475.0,
            201.0,
            1520.0,
            50.0,
            1316.0,
            1653.0,
            1836.0,
            0.0,
            825.0,
            800.0,
            960.0,
            747.0,
            479.0,
            662.0,
            1008.0,
            1116.0,
            2384.0,
            1719.0,
            841.0,
            2402.0
        ],
        [
            279.0,
            1293.0,
            1183.0,
            2044.0,
            1774.0,
            1182.0,
            1311.0,
            1795.0,
            1100.0,
            779.0,
            572.0,
            353.0,
            1569.0,
            1854.0,
            992.0,
            1086.0,
            803.0,
            546.0,
            1593.0,
            1013.0,
            825.0,
            0.0,
            839.0,
            592.0,
            868.0,
            539.0,
            703.0,
            266.0,
            292.0,
            1941.0,
            1268.0,
            441.0,
            1664.0
        ],
        [
            594.0,
            2034.0,
            1923.0,
            2820.0,
            2445.0,
            2007.0,
            1095.0,
            2431.0,
            827.0,
            94.0,
            647.0,
            1162.0,
            2226.0,
            2686.0,
            986.0,
            802.0,
            829.0,
            1355.0,
            2278.0,
            1592.0,
            800.0,
            839.0,
            0.0,
            403.0,
            1395.0,
            410.0,
            1250.0,
            787.0,
            1035.0,
            2770.0,
            2092.0,
            1188.0,
            2448.0
        ],
        [
            314.0,
            1658.0,
            1768.0,
            2636.0,
            2049.0,
            1682.0,
            852.0,
            2352.0,
            1099.0,
            410.0,
            720.0,
            945.0,
            1830.0,
            2365.0,
            1161.0,
            574.0,
            970.0,
            1030.0,
            2166.0,
            1193.0,
            960.0,
            592.0,
            403.0,
            0.0,
            1357.0,
            482.0,
            1193.0,
            440.0,
            701.0,
            2514.0,
            1851.0,
            1018.0,
            2086.0
        ],
        [
            1078.0,
            1741.0,
            669.0,
            1542.0,
            2276.0,
            1385.0,
            2162.0,
            1038.0,
            1026.0,
            1304.0,
            758.0,
            652.0,
            2114.0,
            1888.0,
            724.0,
            1914.0,
            697.0,
            1061.0,
            911.0,
            1718.0,
            747.0,
            868.0,
            1395.0,
            1357.0,
            0.0,
            987.0,
            167.0,
            1133.0,
            1062.0,
            1691.0,
            1068.0,
            501.0,
            1948.0
        ],
        [
            408.0,
            1824.0,
            1523.0,
            2424.0,
            2287.0,
            1714.0,
            1330.0,
            2021.0,
            648.0,
            321.0,
            255.0,
            806.0,
            2076.0,
            2378.0,
            679.0,
            1045.0,
            490.0,
            1085.0,
            1869.0,
            1477.0,
            479.0,
            539.0,
            410.0,
            482.0,
            987.0,
            0.0,
            840.0,
            616.0,
            804.0,
            2407.0,
            1725.0,
            805.0,
            2202.0
        ],
        [
            912.0,
            1645.0,
            735.0,
            1632.0,
            2177.0,
            1323.0,
            1996.0,
            1182.0,
            963.0,
            1160.0,
            626.0,
            511.0,
            2006.0,
            1871.0,
            684.0,
            1748.0,
            613.0,
            935.0,
            1034.0,
            1581.0,
            662.0,
            703.0,
            1250.0,
            1193.0,
            167.0,
            840.0,
            0.0,
            968.0,
            907.0,
            1728.0,
            1076.0,
            363.0,
            1884.0
        ],
        [
            214.0,
            1250.0,
            1412.0,
            2245.0,
            1683.0,
            1242.0,
            1054.0,
            2045.0,
            1247.0,
            754.0,
            741.0,
            579.0,
            1469.0,
            1926.0,
            1192.0,
            846.0,
            995.0,
            591.0,
            1835.0,
            861.0,
            1008.0,
            266.0,
            787.0,
            440.0,
            1133.0,
            616.0,
            968.0,
            0.0,
            261.0,
            2086.0,
            1435.0,
            692.0,
            1662.0
        ],
        [
            442.0,
            1022.0,
            1223.0,
            2020.0,
            1488.0,
            982.0,
            1237.0,
            1884.0,
            1390.0,
            993.0,
            863.0,
            428.0,
            1281.0,
            1666.0,
            1280.0,
            1065.0,
            1093.0,
            330.0,
            1659.0,
            724.0,
            1116.0,
            292.0,
            1035.0,
            701.0,
            1062.0,
            804.0,
            907.0,
            261.0,
            0.0,
            1834.0,
            1194.0,
            572.0,
            1417.0
        ],
        [
            2212.0,
            1381.0,
            1030.0,
            582.0,
            1696.0,
            971.0,
            2998.0,
            1253.0,
            2690.0,
            2700.0,
            2280.0,
            1609.0,
            1704.0,
            610.0,
            2406.0,
            2879.0,
            2336.0,
            1520.0,
            1069.0,
            1881.0,
            2384.0,
            1941.0,
            2770.0,
            2514.0,
            1691.0,
            2407.0,
            1728.0,
            2086.0,
            1834.0,
            0.0,
            682.0,
            1606.0,
            1115.0
        ],
        [
            1544.0,
            1072.0,
            484.0,
            850.0,
            1546.0,
            584.0,
            2405.0,
            1044.0,
            2030.0,
            2020.0,
            1601.0,
            930.0,
            1466.0,
            838.0,
            1759.0,
            2256.0,
            1672.0,
            905.0,
            788.0,
            1413.0,
            1719.0,
            1268.0,
            2092.0,
            1851.0,
            1068.0,
            1725.0,
            1076.0,
            1435.0,
            1194.0,
            682.0,
            0.0,
            924.0,
            1051.0
        ],
        [
            707.0,
            1302.0,
            752.0,
            1636.0,
            1829.0,
            1028.0,
            1746.0,
            1355.0,
            1155.0,
            1110.0,
            683.0,
            151.0,
            1652.0,
            1638.0,
            934.0,
            1526.0,
            799.0,
            574.0,
            1154.0,
            1220.0,
            841.0,
            441.0,
            1188.0,
            1018.0,
            501.0,
            805.0,
            363.0,
            692.0,
            572.0,
            1606.0,
            924.0,
            0.0,
            1577.0
        ],
        [
            1859.0,
            455.0,
            1514.0,
            1647.0,
            582.0,
            563.0,
            2266.0,
            2082.0,
            2710.0,
            2409.0,
            2194.0,
            1480.0,
            622.0,
            544.0,
            2510.0,
            2246.0,
            2364.0,
            1118.0,
            1831.0,
            1041.0,
            2402.0,
            1664.0,
            2448.0,
            2086.0,
            1948.0,
            2202.0,
            1884.0,
            1662.0,
            1417.0,
            1115.0,
            1051.0,
            1577.0,
            0.0
        ]
    ],
    "_travel_distance_matrix": [
        [
            0,
            13,
            13,
            20,
            16,
            12,
            10,
            18,
            9,
            5,
            5,
            6,
            15,
            18,
            9,
            7,
            7,
            7,
            16,
            9,
            7,
            3,
            5,
            3,
            9,
            4,
            8,
            2,
            4,
            19,
            13,
            6,
            16
        ],
        [
            13,
            0,
            13,
            16,
            5,
            5,
            16,
            18,
            20,
            17,
            16,
            10,
            4,
            8,
            19,
            15,
            18,
            7,
            16,
            5,
            18,
            11,
            17,
            14,
            15,
            16,
            14,
            11,
            9,
            12,
            9,
            11,
            4
        ],
        [
            13,
            13,
            0,
            8,
            17,
            9,
            21,
            6,
            15,
            16,
            12,
            7,
            16,
            11,
            12,
            19,
            12,
            9,
            4,
            14,
            12,
            10,
            17,
            15,
            6,
            13,
            7,
            12,
            11,
            9,
            5,
            7,
            13
        ],
        [
            20,
            16,
            8,
            0,
            19,
            12,
            28,
            7,
            22,
            23,
            19,
            15,
            19,
            10,
            19,
            26,
            19,
            15,
            6,
            19,
            20,
            18,
            24,
            22,
            13,
            21,
            14,
            19,
            17,
            5,
            8,
            14,
            14
        ],
        [
            16,
            5,
            17,
            19,
            0,
            9,
            17,
            22,
            24,
            21,
            20,
            15,
            2,
            10,
            23,
            18,
            22,
            11,
            20,
            8,
            22,
            15,
            21,
            18,
            19,
            20,
            19,
            15,
            13,
            15,
            13,
            16,
            5
        ],
        [
            12,
            5,
            9,
            12,
            9,
            0,
            18,
            14,
            19,
            17,
            14,
            8,
            8,
            6,
            17,
            17,
            16,
            6,
            12,
            8,
            16,
            10,
            17,
            15,
            12,
            15,
            12,
            11,
            9,
            9,
            5,
            9,
            5
        ],
        [
            10,
            16,
            21,
            28,
            17,
            18,
            0,
            26,
            16,
            10,
            14,
            14,
            15,
            23,
            17,
            3,
            16,
            13,
            25,
            11,
            16,
            11,
            10,
            8,
            19,
            12,
            17,
            9,
            11,
            25,
            21,
            15,
            19
        ],
        [
            18,
            18,
            6,
            7,
            22,
            14,
            26,
            0,
            17,
            20,
            15,
            13,
            21,
            15,
            14,
            24,
            15,
            15,
            3,
            20,
            15,
            15,
            21,
            20,
            9,
            17,
            10,
            18,
            16,
            11,
            9,
            12,
            18
        ],
        [
            9,
            20,
            15,
            22,
            24,
            19,
            16,
            17,
            0,
            7,
            5,
            11,
            23,
            24,
            3,
            14,
            3,
            14,
            16,
            18,
            3,
            10,
            7,
            10,
            9,
            6,
            9,
            11,
            12,
            23,
            17,
            10,
            23
        ],
        [
            5,
            17,
            16,
            23,
            21,
            17,
            10,
            20,
            7,
            0,
            5,
            10,
            19,
            22,
            8,
            8,
            7,
            11,
            19,
            14,
            6,
            7,
            1,
            4,
            11,
            3,
            10,
            7,
            9,
            23,
            17,
            10,
            21
        ],
        [
            5,
            16,
            12,
            19,
            20,
            14,
            14,
            15,
            5,
            5,
            0,
            7,
            18,
            20,
            4,
            11,
            3,
            10,
            14,
            14,
            3,
            5,
            6,
            6,
            7,
            3,
            6,
            7,
            8,
            19,
            14,
            6,
            19
        ],
        [
            6,
            10,
            7,
            15,
            15,
            8,
            14,
            13,
            11,
            10,
            7,
            0,
            13,
            14,
            9,
            12,
            8,
            4,
            11,
            9,
            8,
            3,
            10,
            8,
            6,
            7,
            5,
            5,
            4,
            14,
            8,
            2,
            13
        ],
        [
            15,
            4,
            16,
            19,
            2,
            8,
            15,
            21,
            23,
            19,
            18,
            13,
            0,
            10,
            22,
            16,
            20,
            10,
            19,
            6,
            20,
            14,
            19,
            16,
            18,
            18,
            17,
            13,
            11,
            15,
            13,
            14,
            6
        ],
        [
            18,
            8,
            11,
            10,
            10,
            6,
            23,
            15,
            24,
            22,
            20,
            14,
            10,
            0,
            22,
            22,
            21,
            12,
            13,
            13,
            21,
            16,
            23,
            20,
            16,
            20,
            16,
            17,
            14,
            6,
            7,
            14,
            5
        ],
        [
            9,
            19,
            12,
            19,
            23,
            17,
            17,
            14,
            3,
            8,
            4,
            9,
            22,
            22,
            0,
            15,
            2,
            13,
            14,
            17,
            2,
            9,
            9,
            10,
            7,
            6,
            6,
            10,
            11,
            21,
            15,
            8,
            21
        ],
        [
            7,
            15,
            19,
            26,
            18,
            17,
            3,
            24,
            14,
            8,
            11,
            12,
            16,
            22,
            15,
            0,
            13,
            12,
            23,
            11,
            13,
            10,
            7,
            5,
            16,
            9,
            15,
            8,
            9,
            24,
            19,
            13,
            19
        ],
        [
            7,
            18,
            12,
            19,
            22,
            16,
            16,
            15,
            3,
            7,
            3,
            8,
            20,
            21,
            2,
            13,
            0,
            11,
            14,
            16,
            1,
            7,
            7,
            9,
            6,
            5,
            6,
            9,
            10,
            20,
            14,
            7,
            20
        ],
        [
            7,
            7,
            9,
            15,
            11,
            6,
            13,
            15,
            14,
            11,
            10,
            4,
            10,
            12,
            13,
            12,
            11,
            0,
            13,
            6,
            11,
            5,
            12,
            9,
            9,
            10,
            8,
            5,
            3,
            13,
            8,
            5,
            10
        ],
        [
            16,
            16,
            4,
            6,
            20,
            12,
            25,
            3,
            16,
            19,
            14,
            11,
            19,
            13,
            14,
            23,
            14,
            13,
            0,
            18,
            14,
            14,
            19,
            19,
            8,
            16,
            9,
            16,
            14,
            9,
            7,
            10,
            16
        ],
        [
            9,
            5,
            14,
            19,
            8,
            8,
            11,
            20,
            18,
            14,
            14,
            9,
            6,
            13,
            17,
            11,
            16,
            6,
            18,
            0,
