{
    "_id_": "t=euclidean+d=7+c=3+n=10+v=1+o=100+r=15",
    "meta": {
        "t": "euclidean",
        "d": 7,
        "c": 3,
        "n": 10,
        "v": 1,
        "o": 100,
        "r": 15
    },
    "num_carriers": 3,
    "max_vehicle_load": 999999999,
    "max_tour_distance": 999999999,
    "max_tour_duration": 999999999,
    "carriers_max_num_tours": 1,
    "requests": [
        0,
        1,
        2,
        3,
        4,
        5,
        6,
        7,
        8,
        9,
        10,
        11,
        12,
        13,
        14,
        15,
        16,
        17,
        18,
        19,
        20,
        21,
        22,
        23,
        24,
        25,
        26,
        27,
        28,
        29
    ],
    "num_requests": 30,
    "num_requests_per_carrier": 10,
    "vertex_x_coords": [
        19.5,
        9.000000000000002,
        8.999999999999996,
        9.607909297074576,
        22.453195646611398,
        19.404673636627383,
        22.74512034610622,
        22.939037444024127,
        4.852088492796105,
        1.16082873822278,
        23.365330776560047,
        19.68474748826821,
        4.97860445277345,
        9.292552067828833,
        22.935659250977192,
        20.493634356493256,
        1.3013139860574814,
        11.877096046809193,
        9.996370083851472,
        6.216656106497343,
        11.671390072875667,
        20.559926779278843,
        24.34271798372376,
        3.5261380051546998,
        7.28030861401815,
        13.773778050280969,
        11.968048841909281,
        15.136068316513402,
        23.283374011176903,
        8.167910236876338,
        19.32205139890894,
        4.923330519905248,
        15.802070861689229
    ],
    "vertex_y_coords": [
        12.5,
        18.562177826491073,
        6.4378221735089305,
        5.847596960300619,
        22.313958772328395,
        19.814363909027737,
        8.935841287481313,
        7.171849707366884,
        24.103835367800894,
        15.821536135615567,
        18.7119754112757,
        8.790907524154528,
        17.348891205660497,
        14.360220553015592,
        7.964690790126394,
        19.418475177750512,
        24.249056563854303,
        4.24985883449249,
        9.139273478213175,
        1.2588129759293603,
        21.619991558912222,
        24.500720137861094,
        2.316474225978013,
        22.77163729836496,
        14.53705145268598,
        5.520053800164229,
        18.492720866193054,
        6.8309935860095266,
        4.232850267032958,
        4.055673593754919,
        14.802847273338807,
        7.789129132346117,
        22.52184634732803
    ],
    "request_to_carrier_assignment": [
        0,
        0,
        0,
        0,
        0,
        0,
        0,
        0,
        0,
        0,
        1,
        1,
        1,
        1,
        1,
        1,
        1,
        1,
        1,
        1,
        2,
        2,
        2,
        2,
        2,
        2,
        2,
        2,
        2,
        2
    ],
    "request_disclosure_time": [
        "0001-01-01T00:00:00",
        "0001-01-01T03:24:00",
        "0001-01-01T06:48:00",
        "0001-01-01T10:12:00",
        "0001-01-01T13:36:00",
        "0001-01-01T17:00:00",
        "0001-01-01T20:24:00",
        "0001-01-01T23:48:00",
        "0001-01-02T03:12:00",
        "0001-01-02T06:36:00",
        "0001-01-01T00:00:00",
        "0001-01-01T03:24:00",
        "0001-01-01T06:48:00",
        "0001-01-01T10:12:00",
        "0001-01-01T13:36:00",
        "0001-01-01T17:00:00",
        "0001-01-01T20:24:00",
        "0001-01-01T23:48:00",
        "0001-01-02T03:12:00",
        "0001-01-02T06:36:00",
        "0001-01-01T00:00:00",
        "0001-01-01T03:24:00",
        "0001-01-01T06:48:00",
        "0001-01-01T10:12:00",
        "0001-01-01T13:36:00",
        "0001-01-01T17:00:00",
        "0001-01-01T20:24:00",
        "0001-01-01T23:48:00",
        "0001-01-02T03:12:00",
        "0001-01-02T06:36:00"
    ],
    "vertex_revenue": [
        0,
        0,
        0,
        1,
        1,
        1,
        1,
        1,
        1,
        1,
        1,
        1,
        1,
        1,
        1,
        1,
        1,
        1,
        1,
        1,
        1,
        1,
        1,
        1,
        1,
        1,
        1,
        1,
        1,
        1,
        1,
        1,
        1
    ],
    "vertex_load": [
        0,
        0,
        0,
        1,
        1,
        1,
        1,
        1,
        1,
        1,
        1,
        1,
        1,
        1,
        1,
        1,
        1,
        1,
        1,
        1,
        1,
        1,
        1,
        1,
        1,
        1,
        1,
        1,
        1,
        1,
        1,
        1,
        1
    ],
    "vertex_service_duration": [
        0,
        0,
        0,
        240.0,
        240.0,
        240.0,
        240.0,
        240.0,
        240.0,
        240.0,
        240.0,
        240.0,
        240.0,
        240.0,
        240.0,
        240.0,
        240.0,
        240.0,
        240.0,
        240.0,
        240.0,
        240.0,
        240.0,
        240.0,
        240.0,
        240.0,
        240.0,
        240.0,
        240.0,
        240.0,
        240.0,
        240.0,
        240.0
    ],
    "tw_open": [
        "0001-01-02T10:00:00",
        "0001-01-02T10:00:00",
        "0001-01-02T10:00:00",
        "0001-01-02T10:00:00",
        "0001-01-02T10:00:00",
        "0001-01-02T10:00:00",
        "0001-01-02T10:00:00",
        "0001-01-02T10:00:00",
        "0001-01-02T10:00:00",
        "0001-01-02T10:00:00",
        "0001-01-02T10:00:00",
        "0001-01-02T10:00:00",
        "0001-01-02T10:00:00",
        "0001-01-02T10:00:00",
        "0001-01-02T10:00:00",
        "0001-01-02T10:00:00",
        "0001-01-02T10:00:00",
        "0001-01-02T10:00:00",
        "0001-01-02T10:00:00",
        "0001-01-02T10:00:00",
        "0001-01-02T10:00:00",
        "0001-01-02T10:00:00",
        "0001-01-02T10:00:00",
        "0001-01-02T10:00:00",
        "0001-01-02T10:00:00",
        "0001-01-02T10:00:00",
        "0001-01-02T10:00:00",
        "0001-01-02T10:00:00",
        "0001-01-02T10:00:00",
        "0001-01-02T10:00:00",
        "0001-01-02T10:00:00",
        "0001-01-02T10:00:00",
        "0001-01-02T10:00:00"
    ],
    "tw_close": [
        "0001-01-02T18:00:00",
        "0001-01-02T18:00:00",
        "0001-01-02T18:00:00",
        "0001-01-02T18:00:00",
        "0001-01-02T18:00:00",
        "0001-01-02T18:00:00",
        "0001-01-02T18:00:00",
        "0001-01-02T18:00:00",
        "0001-01-02T18:00:00",
        "0001-01-02T18:00:00",
        "0001-01-02T18:00:00",
        "0001-01-02T18:00:00",
        "0001-01-02T18:00:00",
        "0001-01-02T18:00:00",
        "0001-01-02T18:00:00",
        "0001-01-02T18:00:00",
        "0001-01-02T18:00:00",
        "0001-01-02T18:00:00",
        "0001-01-02T18:00:00",
        "0001-01-02T18:00:00",
        "0001-01-02T18:00:00",
        "0001-01-02T18:00:00",
        "0001-01-02T18:00:00",
        "0001-01-02T18:00:00",
        "0001-01-02T18:00:00",
        "0001-01-02T18:00:00",
        "0001-01-02T18:00:00",
        "0001-01-02T18:00:00",
        "0001-01-02T18:00:00",
        "0001-01-02T18:00:00",
        "0001-01-02T18:00:00",
        "0001-01-02T18:00:00",
        "0001-01-02T18:00:00"
    ],
    "_travel_duration_matrix": [
        [
            0.0,
            1455.0,
            1455.0,
            1431.0,
            1230.0,
            878.0,
            579.0,
            761.0,
            2243.0,
            2237.0,
            878.0,
            446.0,
            1838.0,
            1246.0,
            683.0,
            839.0,
            2600.0,
            1348.0,
            1210.0,
            2089.0,
            1443.0,
            1446.0,
            1354.0,
            2279.0,
            1487.0,
            1084.0,
            1156.0,
            859.0,
            1092.0,
            1696.0,
            278.0,
            1839.0,
            1282.0
        ],
        [
            1455.0,
            0.0,
            1455.0,
            1528.0,
            1676.0,
            1258.0,
            2014.0,
            2161.0,
            831.0,
            997.0,
            1724.0,
            1738.0,
            505.0,
            506.0,
            2101.0,
            1384.0,
            1149.0,
            1752.0,
            1138.0,
            2104.0,
            488.0,
            1560.0,
            2682.0,
            829.0,
            526.0,
            1667.0,
            357.0,
            1589.0,
            2428.0,
            1744.0,
            1319.0,
            1383.0,
            945.0
        ],
        [
            1455.0,
            1455.0,
            0.0,
            102.0,
            2498.0,
            2034.0,
            1677.0,
            1676.0,
            2178.0,
            1468.0,
            2268.0,
            1313.0,
            1396.0,
            952.0,
            1683.0,
            2081.0,
            2329.0,
            434.0,
            346.0,
            706.0,
            1850.0,
            2574.0,
            1907.0,
            2068.0,
            994.0,
            584.0,
            1490.0,
            738.0,
            1735.0,
            303.0,
            1595.0,
            516.0,
            2096.0
        ],
        [
            1431.0,
            1528.0,
            102.0,
            0.0,
            2507.0,
            2048.0,
            1620.0,
            1608.0,
            2264.0,
            1569.0,
            2261.0,
            1260.0,
            1488.0,
            1023.0,
            1620.0,
            2088.0,
            2423.0,
            334.0,
            398.0,
            685.0,
            1909.0,
            2596.0,
            1819.0,
            2159.0,
            1080.0,
            502.0,
            1544.0,
            674.0,
            1653.0,
            276.0,
            1586.0,
            609.0,
            2135.0
        ],
        [
            1230.0,
            1676.0,
            2498.0,
            2507.0,
            0.0,
            474.0,
            1606.0,
            1818.0,
            2124.0,
            2672.0,
            446.0,
            1657.0,
            2180.0,
            1846.0,
            1723.0,
            420.0,
            2549.0,
            2512.0,
            2176.0,
            3191.0,
            1297.0,
            348.0,
            2411.0,
            2272.0,
            2046.0,
            2269.0,
            1340.0,
            2055.0,
            2173.0,
            2782.0,
            977.0,
            2732.0,
            799.0
        ],
        [
            878.0,
            1258.0,
            2034.0,
            2048.0,
            474.0,
            0.0,
            1366.0,
            1576.0,
            1821.0,
            2242.0,
            494.0,
            1324.0,
            1757.0,
            1379.0,
            1484.0,
            140.0,
            2237.0,
            2075.0,
            1708.0,
            2732.0,
            953.0,
            580.0,
            2182.0,
            1939.0,
            1587.0,
            1844.0,
            907.0,
            1641.0,
            1927.0,
            2323.0,
            602.0,
            2259.0,
            541.0
        ],
        [
            579.0,
            2014.0,
            1677.0,
            1620.0,
            1606.0,
            1366.0,
            0.0,
            213.0,
            2815.0,
            2719.0,
            1176.0,
            368.0,
            2359.0,
            1741.0,
            119.0,
            1287.0,
            3163.0,
            1421.0,
            1531.0,
            2187.0,
            2021.0,
            1887.0,
            818.0,
            2842.0,
            1974.0,
            1152.0,
            1729.0,
            948.0,
            569.0,
            1845.0,
            816.0,
            2144.0,
            1831.0
        ],
        [
            761.0,
            2161.0,
            1676.0,
            1608.0,
            1818.0,
            1576.0,
            213.0,
            0.0,
            2974.0,
            2812.0,
            1386.0,
            437.0,
            2478.0,
            1851.0,
            96.0,
            1499.0,
            3308.0,
            1373.0,
            1571.0,
            2129.0,
            2199.0,
            2099.0,
            607.0,
            2989.0,
            2077.0,
            1118.0,
            1892.0,
            938.0,
            356.0,
            1812.0,
            1014.0,
            2164.0,
            2032.0
        ],
        [
            2243.0,
            831.0,
            2178.0,
            2264.0,
            2124.0,
            1821.0,
            2815.0,
            2974.0,
            0.0,
            1089.0,
            2314.0,
            2559.0,
            811.0,
            1285.0,
            2909.0,
            1960.0,
            427.0,
            2528.0,
            1899.0,
            2747.0,
            871.0,
            1886.0,
            3508.0,
            226.0,
            1185.0,
            2474.0,
            1088.0,
            2413.0,
            3253.0,
            2439.0,
            2065.0,
            1958.0,
            1328.0
        ],
        [
            2237.0,
            997.0,
            1468.0,
            1569.0,
            2672.0,
            2242.0,
            2719.0,
            2812.0,
            1089.0,
            0.0,
            2688.0,
            2378.0,
            494.0,
            992.0,
            2778.0,
            2360.0,
            1012.0,
            1893.0,
            1330.0,
            1850.0,
            1441.0,
            2551.0,
            3220.0,
            881.0,
            751.0,
            1955.0,
            1336.0,
            1995.0,
            2997.0,
            1644.0,
            2183.0,
            1065.0,
            1933.0
        ],
        [
            878.0,
            1724.0,
            2268.0,
            2261.0,
            446.0,
            494.0,
            1176.0,
            1386.0,
            2314.0,
            2688.0,
            0.0,
            1270.0,
            2213.0,
            1768.0,
            1291.0,
            355.0,
            2730.0,
            2217.0,
            1974.0,
            2937.0,
            1447.0,
            772.0,
            1971.0,
            2431.0,
            1995.0,
            1958.0,
            1368.0,
            1735.0,
            1738.0,
            2534.0,
            675.0,
            2573.0,
            1017.0
        ],
        [
            446.0,
            1738.0,
            1313.0,
            1260.0,
            1657.0,
            1324.0,
            368.0,
            437.0,
            2559.0,
            2378.0,
            1270.0,
            0.0,
            2042.0,
            1415.0,
            403.0,
            1279.0,
            2883.0,
            1084.0,
            1164.0,
            1852.0,
            1816.0,
            1889.0,
            958.0,
            2565.0,
            1641.0,
            811.0,
            1488.0,
            595.0,
            697.0,
            1495.0,
            723.0,
            1776.0,
            1713.0
        ],
        [
            1838.0,
            505.0,
            1396.0,
            1488.0,
            2180.0,
            1757.0,
            2359.0,
            2478.0,
            811.0,
            494.0,
            2213.0,
            2042.0,
            0.0,
            630.0,
            2432.0,
            1879.0,
            939.0,
            1777.0,
            1155.0,
            1937.0,
            953.0,
            2058.0,
            2942.0,
            674.0,
            437.0,
            1769.0,
            850.0,
            1755.0,
            2703.0,
            1641.0,
            1749.0,
            1148.0,
            1440.0
        ],
        [
            1246.0,
            506.0,
            952.0,
            1023.0,
            1846.0,
            1379.0,
            1741.0,
            1851.0,
            1285.0,
            992.0,
            1768.0,
            1415.0,
            630.0,
            0.0,
            1809.0,
            1475.0,
            1526.0,
            1253.0,
            633.0,
            1615.0,
            917.0,
            1820.0,
            2314.0,
            1224.0,
            243.0,
            1190.0,
            591.0,
            1144.0,
            2073.0,
            1244.0,
            1205.0,
            947.0,
            1253.0
        ],
        [
            683.0,
            2101.0,
            1683.0,
            1620.0,
            1723.0,
            1484.0,
            119.0,
            96.0,
            2909.0,
            2778.0,
            1291.0,
            403.0,
            2432.0,
            1809.0,
            0.0,
            1406.0,
            3250.0,
            1400.0,
            1560.0,
            2162.0,
            2125.0,
            2005.0,
            699.0,
            2930.0,
            2038.0,
            1138.0,
            1825.0,
            946.0,
            450.0,
            1834.0,
            929.0,
            2162.0,
            1946.0
        ],
        [
            839.0,
            1384.0,
            2081.0,
            2088.0,
            420.0,
            140.0,
            1287.0,
            1499.0,
            1960.0,
            2360.0,
            355.0,
            1279.0,
            1879.0,
            1475.0,
            1406.0,
            0.0,
            2375.0,
            2094.0,
            1764.0,
            2772.0,
            1092.0,
            610.0,
            2104.0,
            2076.0,
            1691.0,
            1853.0,
            1030.0,
            1642.0,
            1853.0,
            2364.0,
            572.0,
            2333.0,
            676.0
        ],
        [
            2600.0,
            1149.0,
            2329.0,
            2423.0,
            2549.0,
            2237.0,
            3163.0,
            3308.0,
            427.0,
            1012.0,
            2730.0,
            2883.0,
            939.0,
            1526.0,
            3250.0,
            2375.0,
            0.0,
            2715.0,
            2092.0,
            2822.0,
            1284.0,
            2312.0,
            3818.0,
            321.0,
            1369.0,
            2701.0,
            1455.0,
            2670.0,
            3568.0,
            2560.0,
            2442.0,
            2023.0,
            1753.0
        ],
        [
            1348.0,
            1752.0,
            434.0,
            334.0,
            2512.0,
            2075.0,
            1421.0,
            1373.0,
            2528.0,
            1893.0,
            2217.0,
            1084.0,
            1777.0,
            1253.0,
            1400.0,
            2094.0,
            2715.0,
            0.0,
            629.0,
            769.0,
            2085.0,
            2645.0,
            1514.0,
            2439.0,
            1353.0,
            274.0,
            1710.0,
            499.0,
            1369.0,
            446.0,
            1550.0,
            937.0,
            2243.0
        ],
        [
            1210.0,
            1138.0,
            346.0,
            398.0,
            2176.0,
            1708.0,
            1531.0,
            1571.0,
            1899.0,
            1330.0,
            1974.0,
            1164.0,
            1155.0,
            633.0,
            1560.0,
            1764.0,
            2092.0,
            629.0,
            0.0,
            1049.0,
            1512.0,
            2238.0,
            1907.0,
            1811.0,
            726.0,
            628.0,
            1148.0,
            677.0,
            1700.0,
            649.0,
            1310.0,
            630.0,
            1751.0
        ],
        [
            2089.0,
            2104.0,
            706.0,
            685.0,
            3191.0,
            2732.0,
            2187.0,
            2129.0,
            2747.0,
            1850.0,
            2937.0,
            1852.0,
            1937.0,
            1615.0,
            2162.0,
            2772.0,
            2822.0,
            769.0,
            1049.0,
            0.0,
            2530.0,
            3278.0,
            2179.0,
            2602.0,
            1599.0,
            1042.0,
            2181.0,
            1263.0,
            2079.0,
            410.0,
            2262.0,
            799.0,
            2799.0
        ],
        [
            1443.0,
            488.0,
            1850.0,
            1909.0,
            1297.0,
            953.0,
            2021.0,
            2199.0,
            871.0,
            1441.0,
            1447.0,
            1816.0,
            953.0,
            917.0,
            2125.0,
            1092.0,
            1284.0,
            2085.0,
            1512.0,
            2530.0,
            0.0,
            1122.0,
            2771.0,
            988.0,
            1001.0,
            1949.0,
            377.0,
            1823.0,
            2509.0,
            2150.0,
            1230.0,
            1847.0,
            508.0
        ],
        [
            1446.0,
            1560.0,
            2574.0,
            2596.0,
            348.0,
            580.0,
            1887.0,
            2099.0,
            1886.0,
            2551.0,
            772.0,
            1889.0,
            2058.0,
            1820.0,
            2005.0,
            610.0,
            2312.0,
            2645.0,
            2238.0,
            3278.0,
            1122.0,
            0.0,
            2701.0,
            2055.0,
            1993.0,
            2419.0,
            1259.0,
            2219.0,
            2455.0,
            2869.0,
            1174.0,
            2747.0,
            619.0
        ],
        [
            1354.0,
            2682.0,
            1907.0,
            1819.0,
            2411.0,
            2182.0,
            818.0,
            607.0,
            3508.0,
            3220.0,
            1971.0,
            958.0,
            2942.0,
            2314.0,
            699.0,
            2104.0,
            3818.0,
            1514.0,
            1907.0,
            2179.0,
            2771.0,
            2701.0,
            0.0,
            3503.0,
            2519.0,
            1326.0,
            2445.0,
            1231.0,
            263.0,
            1953.0,
            1615.0,
            2422.0,
            2633.0
        ],
        [
            2279.0,
            829.0,
            2068.0,
            2159.0,
            2272.0,
            1939.0,
            2842.0,
            2989.0,
            226.0,
            881.0,
            2431.0,
            2565.0,
            674.0,
            1224.0,
            2930.0,
            2076.0,
            321.0,
            2439.0,
            1811.0,
            2602.0,
            988.0,
            2055.0,
            3503.0,
            0.0,
            1086.0,
            2408.0,
            1136.0,
            2367.0,
            3252.0,
            2314.0,
            2124.0,
            1806.0,
            1474.0
        ],
        [
            1487.0,
            526.0,
            994.0,
            1080.0,
            2046.0,
            1587.0,
            1974.0,
            2077.0,
            1185.0,
            751.0,
            1995.0,
            1641.0,
            437.0,
            243.0,
            2038.0,
            1691.0,
            1369.0,
            1353.0,
            726.0,
            1599.0,
            1001.0,
            1993.0,
            2519.0,
            1086.0,
            0.0,
            1334.0,
            737.0,
            1321.0,
            2285.0,
            1263.0,
            1446.0,
            858.0,
            1402.0
        ],
        [
            1084.0,
            1667.0,
            584.0,
            502.0,
            2269.0,
            1844.0,
            1152.0,
            1118.0,
            2474.0,
            1955.0,
            1958.0,
            811.0,
            1769.0,
            1190.0,
            1138.0,
            1853.0,
            2701.0,
            274.0,
            628.0,
            1042.0,
            1949.0,
            2419.0,
            1326.0,
            2408.0,
            1334.0,
            0.0,
            1572.0,
            227.0,
            1152.0,
            696.0,
            1298.0,
            1097.0,
            2055.0
        ],
        [
            1156.0,
            357.0,
            1490.0,
            1544.0,
            1340.0,
            907.0,
            1729.0,
            1892.0,
            1088.0,
            1336.0,
            1368.0,
            1488.0,
            850.0,
            591.0,
            1825.0,
            1030.0,
            1455.0,
            1710.0,
            1148.0,
            2181.0,
            377.0,
            1259.0,
            2445.0,
            1136.0,
            737.0,
            1572.0,
            0.0,
            1451.0,
            2185.0,
            1792.0,
            988.0,
            1538.0,
            668.0
        ],
        [
            859.0,
            1589.0,
            738.0,
            674.0,
            2055.0,
            1641.0,
            948.0,
            938.0,
            2413.0,
            1995.0,
            1735.0,
            595.0,
            1755.0,
            1144.0,
            946.0,
            1642.0,
            2670.0,
            499.0,
            677.0,
            1263.0,
            1823.0,
            2219.0,
            1231.0,
            2367.0,
            1321.0,
            227.0,
            1451.0,
            0.0,
            1027.0,
            901.0,
            1081.0,
            1231.0,
            1885.0
        ],
        [
            1092.0,
            2428.0,
            1735.0,
            1653.0,
            2173.0,
            1927.0,
            569.0,
            356.0,
            3253.0,
            2997.0,
            1738.0,
            697.0,
            2703.0,
            2073.0,
            450.0,
            1853.0,
            3568.0,
            1369.0,
            1700.0,
            2079.0,
            2509.0,
            2455.0,
            263.0,
            3252.0,
            2285.0,
            1152.0,
            2185.0,
            1027.0,
            0.0,
            1814.0,
            1355.0,
            2245.0,
            2372.0
        ],
        [
            1696.0,
            1744.0,
            303.0,
            276.0,
            2782.0,
            2323.0,
            1845.0,
            1812.0,
            2439.0,
            1644.0,
            2534.0,
            1495.0,
            1641.0,
            1244.0,
            1834.0,
            2364.0,
            2560.0,
            446.0,
            649.0,
            410.0,
            2150.0,
            2869.0,
            1953.0,
            2314.0,
            1263.0,
            696.0,
            1792.0,
            901.0,
            1814.0,
            0.0,
            1859.0,
            594.0,
            2398.0
        ],
        [
            278.0,
            1319.0,
            1595.0,
            1586.0,
            977.0,
            602.0,
            816.0,
            1014.0,
            2065.0,
            2183.0,
            675.0,
            723.0,
            1749.0,
            1205.0,
            929.0,
            572.0,
            2442.0,
            1550.0,
            1310.0,
            2262.0,
            1230.0,
            1174.0,
            1615.0,
            2124.0,
            1446.0,
            1298.0,
            988.0,
            1081.0,
            1355.0,
            1859.0,
            0.0,
            1922.0,
            1019.0
        ],
        [
            1839.0,
            1383.0,
            516.0,
            609.0,
            2732.0,
            2259.0,
            2144.0,
            2164.0,
            1958.0,
            1065.0,
            2573.0,
            1776.0,
            1148.0,
            947.0,
            2162.0,
            2333.0,
            2023.0,
            937.0,
            630.0,
            799.0,
            1847.0,
            2747.0,
            2422.0,
            1806.0,
            858.0,
            1097.0,
            1538.0,
            1231.0,
            2245.0,
            594.0,
            1922.0,
            0.0,
            2198.0
        ],
        [
            1282.0,
            945.0,
            2096.0,
            2135.0,
            799.0,
            541.0,
            1831.0,
            2032.0,
            1328.0,
            1933.0,
            1017.0,
            1713.0,
            1440.0,
            1253.0,
            1946.0,
            676.0,
            1753.0,
            2243.0,
            1751.0,
            2799.0,
            508.0,
            619.0,
            2633.0,
            1474.0,
            1402.0,
            2055.0,
            668.0,
            1885.0,
            2372.0,
            2398.0,
            1019.0,
            2198.0,
            0.0
        ]
    ],
    "_travel_distance_matrix": [
        [
            0,
            13,
            13,
            12,
            11,
            8,
            5,
            7,
            19,
            19,
            8,
            4,
            16,
            11,
            6,
            7,
            22,
            12,
            11,
            18,
            13,
            13,
            12,
            19,
            13,
            10,
            10,
            8,
            10,
            15,
            3,
            16,
            11
        ],
        [
            13,
            0,
            13,
            13,
            14,
            11,
            17,
            19,
            7,
            9,
            15,
            15,
            5,
            5,
            18,
            12,
            10,
            15,
            10,
            18,
            5,
            13,
            23,
            7,
            5,
            14,
            3,
            14,
            21,
            15,
            11,
            12,
            8
        ],
        [
            13,
            13,
            0,
            1,
            21,
            17,
            14,
            14,
            19,
            13,
            19,
            11,
            12,
            8,
            15,
            18,
            20,
            4,
            3,
            6,
            16,
            22,
            16,
            18,
            9,
            5,
            13,
            7,
            15,
            3,
            14,
            5,
            18
        ],
        [
            12,
            13,
            1,
            0,
            21,
            18,
            14,
            14,
            19,
            14,
            19,
            11,
            13,
            9,
            14,
            18,
            21,
            3,
            4,
            6,
            16,
            22,
            16,
            18,
            9,
            5,
            13,
            6,
            14,
            3,
            14,
            6,
            18
        ],
        [
            11,
            14,
            21,
            21,
            0,
            4,
            14,
            16,
            18,
            23,
            4,
            14,
            19,
            16,
            15,
            4,
            22,
            21,
            19,
            27,
            11,
            3,
            21,
            19,
            18,
            19,
            12,
            18,
            19,
            24,
            9,
            23,
            7
        ],
        [
            8,
            11,
            17,
            18,
            4,
            0,
            12,
            14,
            16,
            19,
            5,
            12,
            15,
            12,
            13,
            2,
            19,
            18,
            15,
            23,
            8,
            5,
            19,
            17,
            14,
            16,
            8,
            14,
            17,
            20,
            6,
            19,
            5
        ],
        [
            5,
            17,
            14,
            14,
            14,
            12,
            0,
            2,
            24,
            23,
            10,
            4,
            20,
            15,
            1,
            11,
            27,
            12,
            13,
            19,
            17,
            16,
            7,
            24,
            17,
            10,
            15,
            8,
            5,
            16,
            7,
            18,
            16
        ],
        [
            7,
            19,
            14,
            14,
            16,
            14,
            2,
            0,
            25,
            24,
            12,
            4,
            21,
            16,
            1,
            13,
            28,
            12,
            14,
            18,
            19,
            18,
            6,
            25,
            18,
            10,
            16,
            8,
            3,
            16,
            9,
            19,
            17
        ],
        [
            19,
            7,
            19,
            19,
            18,
            16,
            24,
            25,
            0,
            10,
            20,
            22,
            7,
            11,
            25,
            17,
            4,
            22,
            16,
            23,
            8,
            16,
            30,
            2,
            10,
            21,
            10,
            21,
            28,
            21,
            18,
            17,
            12
        ],
        [
            19,
            9,
            13,
            14,
            23,
            19,
            23,
            24,
            10,
            0,
            23,
            20,
            5,
            9,
            24,
            20,
            9,
            16,
            12,
            16,
            13,
            22,
            27,
            8,
            7,
            17,
            12,
            17,
            25,
            14,
            19,
            9,
            17
        ],
        [
            8,
            15,
            19,
            19,
            4,
            5,
            10,
            12,
            20,
            23,
            0,
            11,
            19,
            15,
            11,
            3,
            23,
            19,
            17,
            25,
            13,
            7,
            17,
            21,
            17,
            17,
            12,
            15,
            15,
            22,
            6,
            22,
            9
        ],
        [
            4,
            15,
            11,
            11,
            14,
            12,
            4,
            4,
            22,
            20,
            11,
            0,
            18,
            12,
            4,
            11,
            25,
            10,
            10,
            16,
            16,
            16,
            8,
            22,
            14,
            7,
            13,
            5,
            6,
            13,
            7,
            15,
            15
        ],
        [
            16,
            5,
            12,
            13,
            19,
            15,
            20,
            21,
            7,
            5,
            19,
            18,
            0,
            6,
            21,
            16,
            8,
            15,
            10,
            17,
            8,
            18,
            25,
            6,
            4,
            15,
            8,
            15,
            23,
            14,
            15,
            10,
            12
        ],
        [
            11,
            5,
            8,
            9,
            16,
            12,
            15,
            16,
            11,
            9,
            15,
            12,
            6,
            0,
            16,
            13,
            13,
            11,
            6,
            14,
            8,
            16,
            20,
            11,
            3,
            10,
            5,
            10,
            18,
            11,
            11,
            8,
            11
        ],
        [
            6,
            18,
            15,
            14,
            15,
            13,
            1,
            1,
            25,
            24,
            11,
            4,
            21,
            16,
            0,
            12,
            28,
            12,
            13,
            19,
            18,
            17,
            6,
            25,
            17,
            10,
            16,
            8,
            4,
            16,
            8,
            19,
            17
        ],
        [
            7,
            12,
            18,
            18,
            4,
            2,
            11,
            13,
            17,
            20,
            3,
            11,
            16,
            13,
            12,
            0,
            20,
            18,
            15,
            24,
            10,
            6,
            18,
            18,
            15,
            16,
            9,
            14,
            16,
            20,
            5,
            20,
            6
        ],
        [
            22,
            10,
            20,
            21,
            22,
            19,
            27,
            28,
            4,
            9,
            23,
            25,
            8,
            13,
            28,
            20,
            0,
            23,
            18,
            24,
            11,
            20,
            32,
            3,
            12,
            23,
            13,
            23,
            30,
            22,
            21,
            17,
            15
        ],
        [
            12,
            15,
            4,
            3,
            21,
            18,
            12,
            12,
            22,
            16,
            19,
            10,
            15,
            11,
            12,
            18,
            23,
            0,
            6,
            7,
            18,
            23,
            13,
            21,
            12,
            3,
            15,
            5,
            12,
            4,
            13,
            8,
            19
        ],
        [
            11,
            10,
            3,
            4,
            19,
            15,
            13,
            14,
            16,
            12,
            17,
            10,
            10,
            6,
            13,
            15,
            18,
            6,
            0,
            9,
            13,
            19,
            16,
            16,
            7,
            6,
            10,
            6,
            15,
            6,
            11,
            6,
            15
        ],
        [
            18,
            18,
            6,
            6,
            27,
            23,
            19,
            18,
            23,
            16,
            25,
            16,
