{
    "_id_": "t=euclidean+d=7+c=3+n=10+v=1+o=100+r=00",
    "meta": {
        "t": "euclidean",
        "d": 7,
        "c": 3,
        "n": 10,
        "v": 1,
        "o": 100,
        "r": 0
    },
    "num_carriers": 3,
    "max_vehicle_load": 999999999,
    "max_tour_distance": 999999999,
    "max_tour_duration": 999999999,
    "carriers_max_num_tours": 1,
    "requests": [
        0,
        1,
        2,
        3,
        4,
        5,
        6,
        7,
        8,
        9,
        10,
        11,
        12,
        13,
        14,
        15,
        16,
        17,
        18,
        19,
        20,
        21,
        22,
        23,
        24,
        25,
        26,
        27,
        28,
        29
    ],
    "num_requests": 30,
    "num_requests_per_carrier": 10,
    "vertex_x_coords": [
        19.5,
        9.000000000000002,
        8.999999999999996,
        18.19720686274213,
        10.83460564300123,
        15.20761622743023,
        10.873119315563336,
        22.314027988011926,
        4.002324715102601,
        13.941208551339518,
        7.928288239117082,
        20.681081937276584,
        23.635320152554993,
        12.474166423990754,
        10.831093934893829,
        5.505107868498768,
        12.885637294880784,
        2.0924378981902443,
        24.85231215604772,
        18.07390534774064,
        2.5506219147287097,
        0.609311557833786,
        24.44243459808107,
        0.09322442006419185,
        0.8407583995211132,
        10.053049587232262,
        12.678089656804712,
        9.720725066531463,
        11.315117909474248,
        7.532835653735012,
        1.2399985801675424,
        23.342542821236872,
        3.6472622130016177
    ],
    "vertex_y_coords": [
        12.5,
        18.562177826491073,
        6.4378221735089305,
        3.5539779282056845,
        17.602804538417384,
        16.13240719524959,
        12.835173433197072,
        2.7318150545783126,
        0.2527013896050423,
        4.164856117660665,
        24.915530458174512,
        2.0439904958819533,
        9.946491144699563,
        21.086522660967862,
        3.4415791785482486,
        6.966317941519626,
        0.2554256795178289,
        19.930242884307972,
        2.795704491026635,
        8.678067711822887,
        11.98203717078951,
        19.40143448053963,
        0.5672956934585499,
        20.427246009193816,
        16.153017030361667,
        2.727957130421485,
        10.637522979609257,
        17.72801609109968,
        8.578270708220343,
        5.5733054358349685,
        12.109381840165328,
        19.179133490439114,
        12.101689474662845
    ],
    "request_to_carrier_assignment": [
        0,
        0,
        0,
        0,
        0,
        0,
        0,
        0,
        0,
        0,
        1,
        1,
        1,
        1,
        1,
        1,
        1,
        1,
        1,
        1,
        2,
        2,
        2,
        2,
        2,
        2,
        2,
        2,
        2,
        2
    ],
    "request_disclosure_time": [
        "0001-01-01T00:00:00",
        "0001-01-01T03:24:00",
        "0001-01-01T06:48:00",
        "0001-01-01T10:12:00",
        "0001-01-01T13:36:00",
        "0001-01-01T17:00:00",
        "0001-01-01T20:24:00",
        "0001-01-01T23:48:00",
        "0001-01-02T03:12:00",
        "0001-01-02T06:36:00",
        "0001-01-01T00:00:00",
        "0001-01-01T03:24:00",
        "0001-01-01T06:48:00",
        "0001-01-01T10:12:00",
        "0001-01-01T13:36:00",
        "0001-01-01T17:00:00",
        "0001-01-01T20:24:00",
        "0001-01-01T23:48:00",
        "0001-01-02T03:12:00",
        "0001-01-02T06:36:00",
        "0001-01-01T00:00:00",
        "0001-01-01T03:24:00",
        "0001-01-01T06:48:00",
        "0001-01-01T10:12:00",
        "0001-01-01T13:36:00",
        "0001-01-01T17:00:00",
        "0001-01-01T20:24:00",
        "0001-01-01T23:48:00",
        "0001-01-02T03:12:00",
        "0001-01-02T06:36:00"
    ],
    "vertex_revenue": [
        0,
        0,
        0,
        1,
        1,
        1,
        1,
        1,
        1,
        1,
        1,
        1,
        1,
        1,
        1,
        1,
        1,
        1,
        1,
        1,
        1,
        1,
        1,
        1,
        1,
        1,
        1,
        1,
        1,
        1,
        1,
        1,
        1
    ],
    "vertex_load": [
        0,
        0,
        0,
        1,
        1,
        1,
        1,
        1,
        1,
        1,
        1,
        1,
        1,
        1,
        1,
        1,
        1,
        1,
        1,
        1,
        1,
        1,
        1,
        1,
        1,
        1,
        1,
        1,
        1,
        1,
        1,
        1,
        1
    ],
    "vertex_service_duration": [
        0,
        0,
        0,
        240.0,
        240.0,
        240.0,
        240.0,
        240.0,
        240.0,
        240.0,
        240.0,
        240.0,
        240.0,
        240.0,
        240.0,
        240.0,
        240.0,
        240.0,
        240.0,
        240.0,
        240.0,
        240.0,
        240.0,
        240.0,
        240.0,
        240.0,
        240.0,
        240.0,
        240.0,
        240.0,
        240.0,
        240.0,
        240.0
    ],
    "tw_open": [
        "0001-01-02T10:00:00",
        "0001-01-02T10:00:00",
        "0001-01-02T10:00:00",
        "0001-01-02T10:00:00",
        "0001-01-02T10:00:00",
        "0001-01-02T10:00:00",
        "0001-01-02T10:00:00",
        "0001-01-02T10:00:00",
        "0001-01-02T10:00:00",
        "0001-01-02T10:00:00",
        "0001-01-02T10:00:00",
        "0001-01-02T10:00:00",
        "0001-01-02T10:00:00",
        "0001-01-02T10:00:00",
        "0001-01-02T10:00:00",
        "0001-01-02T10:00:00",
        "0001-01-02T10:00:00",
        "0001-01-02T10:00:00",
        "0001-01-02T10:00:00",
        "0001-01-02T10:00:00",
        "0001-01-02T10:00:00",
        "0001-01-02T10:00:00",
        "0001-01-02T10:00:00",
        "0001-01-02T10:00:00",
        "0001-01-02T10:00:00",
        "0001-01-02T10:00:00",
        "0001-01-02T10:00:00",
        "0001-01-02T10:00:00",
        "0001-01-02T10:00:00",
        "0001-01-02T10:00:00",
        "0001-01-02T10:00:00",
        "0001-01-02T10:00:00",
        "0001-01-02T10:00:00"
    ],
    "tw_close": [
        "0001-01-02T18:00:00",
        "0001-01-02T18:00:00",
        "0001-01-02T18:00:00",
        "0001-01-02T18:00:00",
        "0001-01-02T18:00:00",
        "0001-01-02T18:00:00",
        "0001-01-02T18:00:00",
        "0001-01-02T18:00:00",
        "0001-01-02T18:00:00",
        "0001-01-02T18:00:00",
        "0001-01-02T18:00:00",
        "0001-01-02T18:00:00",
        "0001-01-02T18:00:00",
        "0001-01-02T18:00:00",
        "0001-01-02T18:00:00",
        "0001-01-02T18:00:00",
        "0001-01-02T18:00:00",
        "0001-01-02T18:00:00",
        "0001-01-02T18:00:00",
        "0001-01-02T18:00:00",
        "0001-01-02T18:00:00",
        "0001-01-02T18:00:00",
        "0001-01-02T18:00:00",
        "0001-01-02T18:00:00",
        "0001-01-02T18:00:00",
        "0001-01-02T18:00:00",
        "0001-01-02T18:00:00",
        "0001-01-02T18:00:00",
        "0001-01-02T18:00:00",
        "0001-01-02T18:00:00",
        "0001-01-02T18:00:00",
        "0001-01-02T18:00:00",
        "0001-01-02T18:00:00"
    ],
    "_travel_duration_matrix": [
        [
            0.0,
            1455.0,
            1455.0,
            1085.0,
            1207.0,
            675.0,
            1037.0,
            1220.0,
            2371.0,
            1203.0,
            2037.0,
            1263.0,
            584.0,
            1332.0,
            1505.0,
            1806.0,
            1671.0,
            2272.0,
            1330.0,
            490.0,
            2035.0,
            2414.0,
            1550.0,
            2516.0,
            2282.0,
            1632.0,
            849.0,
            1331.0,
            1090.0,
            1660.0,
            2192.0,
            925.0,
            1903.0
        ],
        [
            1455.0,
            0.0,
            1455.0,
            2113.0,
            249.0,
            800.0,
            724.0,
            2483.0,
            2278.0,
            1827.0,
            774.0,
            2428.0,
            2038.0,
            516.0,
            1828.0,
            1454.0,
            2246.0,
            846.0,
            2683.0,
            1611.0,
            1106.0,
            1012.0,
            2846.0,
            1092.0,
            1021.0,
            1905.0,
            1049.0,
            133.0,
            1230.0,
            1569.0,
            1212.0,
            1723.0,
            1007.0
        ],
        [
            1455.0,
            1455.0,
            0.0,
            1157.0,
            1358.0,
            1382.0,
            800.0,
            1659.0,
            955.0,
            653.0,
            2222.0,
            1498.0,
            1807.0,
            1807.0,
            422.0,
            425.0,
            877.0,
            1819.0,
            1952.0,
            1122.0,
            1021.0,
            1854.0,
            1983.0,
            1991.0,
            1523.0,
            463.0,
            670.0,
            1358.0,
            379.0,
            205.0,
            1154.0,
            2303.0,
            936.0
        ],
        [
            1085.0,
            2113.0,
            1157.0,
            0.0,
            1904.0,
            1552.0,
            1419.0,
            504.0,
            1749.0,
            516.0,
            2845.0,
            349.0,
            1008.0,
            2214.0,
            885.0,
            1578.0,
            751.0,
            2757.0,
            804.0,
            616.0,
            2133.0,
            2841.0,
            831.0,
            2970.0,
            2574.0,
            983.0,
            1078.0,
            1982.0,
            1023.0,
            1303.0,
            2280.0,
            1975.0,
            2025.0
        ],
        [
            1207.0,
            249.0,
            1358.0,
            1904.0,
            0.0,
            554.0,
            573.0,
            2255.0,
            2238.0,
            1656.0,
            945.0,
            2210.0,
            1790.0,
            463.0,
            1700.0,
            1428.0,
            2097.0,
            1086.0,
            2447.0,
            1379.0,
            1202.0,
            1246.0,
            2617.0,
            1333.0,
            1212.0,
            1788.0,
            865.0,
            135.0,
            1085.0,
            1497.0,
            1327.0,
            1513.0,
            1087.0
        ],
        [
            675.0,
            800.0,
            1382.0,
            1552.0,
            554.0,
            0.0,
            654.0,
            1821.0,
            2333.0,
            1445.0,
            1369.0,
            1814.0,
            1255.0,
            679.0,
            1611.0,
            1602.0,
            1926.0,
            1639.0,
            1976.0,
            959.0,
            1599.0,
            1796.0,
            2172.0,
            1886.0,
            1725.0,
            1724.0,
            726.0,
            686.0,
            1020.0,
            1567.0,
            1745.0,
            1043.0,
            1470.0
        ],
        [
            1037.0,
            724.0,
            800.0,
            1419.0,
            573.0,
            654.0,
            0.0,
            1832.0,
            1721.0,
            1104.0,
            1493.0,
            1750.0,
            1571.0,
            1009.0,
            1128.0,
            955.0,
            1529.0,
            1355.0,
            2066.0,
            998.0,
            1004.0,
            1463.0,
            2196.0,
            1583.0,
            1269.0,
            1217.0,
            342.0,
            604.0,
            514.0,
            960.0,
            1160.0,
            1679.0,
            872.0
        ],
        [
            1220.0,
            2483.0,
            1659.0,
            504.0,
            2255.0,
            1821.0,
            1832.0,
            0.0,
            2218.0,
            1020.0,
            3173.0,
            213.0,
            881.0,
            2500.0,
            1381.0,
            2081.0,
            1170.0,
            3186.0,
            305.0,
            877.0,
            2619.0,
            3285.0,
            365.0,
            3409.0,
            3039.0,
            1472.0,
            1496.0,
            2350.0,
            1495.0,
            1807.0,
            2768.0,
            1978.0,
            2507.0
        ],
        [
            2371.0,
            2278.0,
            955.0,
            1749.0,
            2238.0,
            2333.0,
            1721.0,
            2218.0,
            0.0,
            1282.0,
            2997.0,
            2013.0,
            2628.0,
            2699.0,
            905.0,
            826.0,
            1066.0,
            2373.0,
            2521.0,
            1969.0,
            1419.0,
            2334.0,
            2454.0,
            2466.0,
            1946.0,
            785.0,
            1624.0,
            2207.0,
            1330.0,
            767.0,
            1461.0,
            3248.0,
            1423.0
        ],
        [
            1203.0,
            1827.0,
            653.0,
            516.0,
            1656.0,
            1445.0,
            1104.0,
            1020.0,
            1282.0,
            0.0,
            2593.0,
            848.0,
            1355.0,
            2039.0,
            384.0,
            1067.0,
            486.0,
            2367.0,
            1320.0,
            735.0,
            1658.0,
            2430.0,
            1333.0,
            2564.0,
            2131.0,
            498.0,
            792.0,
            1705.0,
            617.0,
            788.0,
            1798.0,
            2126.0,
            1560.0
        ],
        [
            2037.0,
            774.0,
            2222.0,
            2845.0,
            945.0,
            1369.0,
            1493.0,
            3173.0,
            2997.0,
            2593.0,
            0.0,
            3143.0,
            2604.0,
            714.0,
            2601.0,
            2174.0,
            3019.0,
            922.0,
            3343.0,
            2298.0,
            1681.0,
            1100.0,
            3531.0,
            1084.0,
            1353.0,
            2675.0,
            1806.0,
            889.0,
            2003.0,
            2322.0,
            1734.0,
            1974.0,
            1622.0
        ],
        [
            1263.0,
            2428.0,
            1498.0,
            349.0,
            2210.0,
            1814.0,
            1750.0,
            213.0,
            2013.0,
            848.0,
            3143.0,
            0.0,
            1013.0,
            2489.0,
            1194.0,
            1915.0,
            960.0,
            3096.0,
            509.0,
            856.0,
            2482.0,
            3185.0,
            485.0,
            3313.0,
            2922.0,
            1279.0,
            1410.0,
            2297.0,
            1371.0,
            1634.0,
            2628.0,
            2081.0,
            2374.0
        ],
        [
            584.0,
            2038.0,
            1807.0,
            1008.0,
            1790.0,
            1255.0,
            1571.0,
            881.0,
            2628.0,
            1355.0,
            2604.0,
            1013.0,
            0.0,
            1893.0,
            1724.0,
            2205.0,
            1737.0,
            2850.0,
            871.0,
            685.0,
            2542.0,
            2987.0,
            1130.0,
            3093.0,
            2835.0,
            1846.0,
            1318.0,
            1914.0,
            1488.0,
            2003.0,
            2700.0,
            1109.0,
            2413.0
        ],
        [
            1332.0,
            516.0,
            1807.0,
            2214.0,
            463.0,
            679.0,
            1009.0,
            2500.0,
            2699.0,
            2039.0,
            714.0,
            2489.0,
            1893.0,
            0.0,
            2127.0,
            1890.0,
            2501.0,
            1254.0,
            2651.0,
            1634.0,
            1617.0,
            1439.0,
            2851.0,
            1488.0,
            1517.0,
            2223.0,
            1255.0,
            522.0,
            1508.0,
            1954.0,
            1726.0,
            1325.0,
            1512.0
        ],
        [
            1505.0,
            1828.0,
            422.0,
            885.0,
            1700.0,
            1611.0,
            1128.0,
            1381.0,
            905.0,
            384.0,
            2601.0,
            1194.0,
            1724.0,
            2127.0,
            0.0,
            767.0,
            455.0,
            2240.0,
            1685.0,
            1073.0,
            1428.0,
            2275.0,
            1670.0,
            2412.0,
            1941.0,
            127.0,
            892.0,
            1720.0,
            620.0,
            472.0,
            1552.0,
            2413.0,
            1351.0
        ],
        [
            1806.0,
            1454.0,
            425.0,
            1578.0,
            1428.0,
            1602.0,
            955.0,
            2081.0,
            826.0,
            1067.0,
            2174.0,
            1915.0,
            2205.0,
            1890.0,
            767.0,
            0.0,
            1198.0,
            1609.0,
            2375.0,
            1523.0,
            699.0,
            1604.0,
            2399.0,
            1741.0,
            1237.0,
            747.0,
            967.0,
            1387.0,
            724.0,
            296.0,
            802.0,
            2595.0,
            656.0
        ],
        [
            1671.0,
            2246.0,
            877.0,
            751.0,
            2097.0,
            1926.0,
            1529.0,
            1170.0,
            1066.0,
            486.0,
            3019.0,
            960.0,
            1737.0,
            2501.0,
            455.0,
            1198.0,
            0.0,
            2693.0,
            1468.0,
            1188.0,
            1876.0,
            2730.0,
            1388.0,
            2867.0,
            2394.0,
            452.0,
            1247.0,
            2131.0,
            1017.0,
            906.0,
            1995.0,
            2595.0,
            1803.0
        ],
        [
            2272.0,
            846.0,
            1819.0,
            2757.0,
            1086.0,
            1639.0,
            1355.0,
            3186.0,
            2373.0,
            2367.0,
            922.0,
            3096.0,
            2850.0,
            1254.0,
            2240.0,
            1609.0,
            2693.0,
            0.0,
            3419.0,
            2346.0,
            956.0,
            189.0,
            3549.0,
            248.0,
            478.0,
            2275.0,
            1691.0,
            953.0,
            1756.0,
            1843.0,
            945.0,
            2552.0,
            958.0
        ],
        [
            1330.0,
            2683.0,
            1952.0,
            804.0,
            2447.0,
            1976.0,
            2066.0,
            305.0,
            2521.0,
            1320.0,
            3343.0,
            509.0,
            871.0,
            2651.0,
            1685.0,
            2375.0,
            1468.0,
            3419.0,
            0.0,
            1077.0,
            2895.0,
            3527.0,
            272.0,
            3648.0,
            3298.0,
            1776.0,
            1738.0,
            2552.0,
            1767.0,
            2105.0,
            3046.0,
            1975.0,
            2779.0
        ],
        [
            490.0,
            1611.0,
            1122.0,
            616.0,
            1379.0,
            959.0,
            998.0,
            877.0,
            1969.0,
            735.0,
            2298.0,
            856.0,
            685.0,
            1634.0,
            1073.0,
            1523.0,
            1188.0,
            2346.0,
            1077.0,
            0.0,
            1905.0,
            2460.0,
            1238.0,
            2578.0,
            2255.0,
            1199.0,
            689.0,
            1478.0,
            812.0,
            1319.0,
            2062.0,
            1410.0,
            1780.0
        ],
        [
            2035.0,
            1106.0,
            1021.0,
            2133.0,
            1202.0,
            1599.0,
            1004.0,
            2619.0,
            1419.0,
            1658.0,
            1681.0,
            2482.0,
            2542.0,
            1617.0,
            1428.0,
            699.0,
            1876.0,
            956.0,
            2895.0,
            1905.0,
            0.0,
            921.0,
            2963.0,
            1056.0,
            541.0,
            1430.0,
            1226.0,
            1103.0,
            1129.0,
            975.0,
            159.0,
            2641.0,
            133.0
        ],
        [
            2414.0,
            1012.0,
            1854.0,
            2841.0,
            1246.0,
            1796.0,
            1463.0,
            3285.0,
            2334.0,
            2430.0,
            1100.0,
            3185.0,
            2987.0,
            1439.0,
            2275.0,
            1604.0,
            2730.0,
            189.0,
            3527.0,
            2460.0,
            921.0,
            0.0,
            3646.0,
            138.0,
            391.0,
            2300.0,
            1790.0,
            1112.0,
            1827.0,
            1856.0,
            879.0,
            2729.0,
            949.0
        ],
        [
            1550.0,
            2846.0,
            1983.0,
            831.0,
            2617.0,
            2172.0,
            2196.0,
            365.0,
            2454.0,
            1333.0,
            3531.0,
            485.0,
            1130.0,
            2851.0,
            1670.0,
            2399.0,
            1388.0,
            3549.0,
            272.0,
            1238.0,
            2963.0,
            3646.0,
            0.0,
            3771.0,
            3395.0,
            1747.0,
            1859.0,
            2714.0,
            1846.0,
            2117.0,
            3110.0,
            2238.0,
            2854.0
        ],
        [
            2516.0,
            1092.0,
            1991.0,
            2970.0,
            1333.0,
            1886.0,
            1583.0,
            3409.0,
            2466.0,
            2564.0,
            1084.0,
            3313.0,
            3093.0,
            1488.0,
            2412.0,
            1741.0,
            2867.0,
            248.0,
            3648.0,
            2578.0,
            1056.0,
            138.0,
            3771.0,
            0.0,
            521.0,
            2438.0,
            1914.0,
            1200.0,
            1959.0,
            1994.0,
            1008.0,
            2794.0,
            1087.0
        ],
        [
            2282.0,
            1021.0,
            1523.0,
            2574.0,
            1212.0,
            1725.0,
            1269.0,
            3039.0,
            1946.0,
            2131.0,
            1353.0,
            2922.0,
            2835.0,
            1517.0,
            1941.0,
            1237.0,
            2394.0,
            478.0,
            3298.0,
            2255.0,
            541.0,
            391.0,
            3395.0,
            521.0,
            0.0,
            1954.0,
            1568.0,
            1083.0,
            1552.0,
            1503.0,
            488.0,
            2725.0,
            592.0
        ],
        [
            1632.0,
            1905.0,
            463.0,
            983.0,
            1788.0,
            1724.0,
            1217.0,
            1472.0,
            785.0,
            498.0,
            2675.0,
            1279.0,
            1846.0,
            2223.0,
            127.0,
            747.0,
            452.0,
            2275.0,
            1776.0,
            1199.0,
            1430.0,
            2300.0,
            1747.0,
            2438.0,
            1954.0,
            0.0,
            1001.0,
            1801.0,
            719.0,
            457.0,
            1545.0,
            2538.0,
            1363.0
        ],
        [
            849.0,
            1049.0,
            670.0,
            1078.0,
            865.0,
            726.0,
            342.0,
            1496.0,
            1624.0,
            792.0,
            1806.0,
            1410.0,
            1318.0,
            1255.0,
            892.0,
            967.0,
            1247.0,
            1691.0,
            1738.0,
            689.0,
            1226.0,
            1790.0,
            1859.0,
            1914.0,
            1568.0,
            1001.0,
            0.0,
            922.0,
            297.0,
            867.0,
            1384.0,
            1640.0,
            1098.0
        ],
        [
            1331.0,
            133.0,
            1358.0,
            1982.0,
            135.0,
            686.0,
            604.0,
            2350.0,
            2207.0,
            1705.0,
            889.0,
            2297.0,
            1914.0,
            522.0,
            1720.0,
            1387.0,
            2131.0,
            953.0,
            2552.0,
            1478.0,
            1103.0,
            1112.0,
            2714.0,
            1200.0,
            1083.0,
            1801.0,
            922.0,
            0.0,
            1115.0,
            1483.0,
            1221.0,
            1644.0,
            994.0
        ],
        [
            1090.0,
            1230.0,
            379.0,
            1023.0,
            1085.0,
            1020.0,
            514.0,
            1495.0,
            1330.0,
            617.0,
            2003.0,
            1371.0,
            1488.0,
            1508.0,
            620.0,
            724.0,
            1017.0,
            1756.0,
            1767.0,
            812.0,
            1129.0,
            1827.0,
            1846.0,
            1959.0,
            1552.0,
            719.0,
            297.0,
            1115.0,
            0.0,
            580.0,
            1282.0,
            1924.0,
            1013.0
        ],
        [
            1660.0,
            1569.0,
            205.0,
            1303.0,
            1497.0,
            1567.0,
            960.0,
            1807.0,
            767.0,
            788.0,
            2322.0,
            1634.0,
            2003.0,
            1954.0,
            472.0,
            296.0,
            906.0,
            1843.0,
            2105.0,
            1319.0,
            975.0,
            1856.0,
            2117.0,
            1994.0,
            1503.0,
            457.0,
            867.0,
            1483.0,
            580.0,
            0.0,
            1089.0,
            2503.0,
            912.0
        ],
        [
            2192.0,
            1212.0,
            1154.0,
            2280.0,
            1327.0,
            1745.0,
            1160.0,
            2768.0,
            1461.0,
            1798.0,
            1734.0,
            2628.0,
            2700.0,
            1726.0,
            1552.0,
            802.0,
            1995.0,
            945.0,
            3046.0,
            2062.0,
            159.0,
            879.0,
            3110.0,
            1008.0,
            488.0,
            1545.0,
            1384.0,
            1221.0,
            1282.0,
            1089.0,
            0.0,
            2785.0,
            289.0
        ],
        [
            925.0,
            1723.0,
            2303.0,
            1975.0,
            1513.0,
            1043.0,
            1679.0,
            1978.0,
            3248.0,
            2126.0,
            1974.0,
            2081.0,
            1109.0,
            1325.0,
            2413.0,
            2595.0,
            2595.0,
            2552.0,
            1975.0,
            1410.0,
            2641.0,
            2729.0,
            2238.0,
            2794.0,
            2725.0,
            2538.0,
            1640.0,
            1644.0,
            1924.0,
            2503.0,
            2785.0,
            0.0,
            2512.0
        ],
        [
            1903.0,
            1007.0,
            936.0,
            2025.0,
            1087.0,
            1470.0,
            872.0,
            2507.0,
            1423.0,
            1560.0,
            1622.0,
            2374.0,
            2413.0,
            1512.0,
            1351.0,
            656.0,
            1803.0,
            958.0,
            2779.0,
            1780.0,
            133.0,
            949.0,
            2854.0,
            1087.0,
            592.0,
            1363.0,
            1098.0,
            994.0,
            1013.0,
            912.0,
            289.0,
            2512.0,
            0.0
        ]
    ],
    "_travel_distance_matrix": [
        [
            0,
            13,
            13,
            10,
            11,
            6,
            9,
            11,
            20,
            11,
            17,
            11,
            5,
            12,
            13,
            16,
            14,
            19,
            12,
            5,
            17,
            21,
            13,
            21,
            20,
            14,
            8,
            12,
            10,
            14,
            19,
            8,
            16
        ],
        [
            13,
            0,
            13,
            18,
            3,
            7,
            7,
            21,
            19,
            16,
            7,
            21,
            17,
            5,
            16,
            13,
            19,
            8,
            23,
            14,
            10,
            9,
            24,
            10,
            9,
            16,
            9,
            2,
            11,
            14,
            11,
            15,
            9
        ],
        [
            13,
            13,
            0,
            10,
            12,
            12,
            7,
            14,
            8,
            6,
            19,
            13,
            16,
            16,
            4,
            4,
            8,
            16,
            17,
            10,
            9,
            16,
            17,
            17,
            13,
            4,
            6,
            12,
            4,
            2,
            10,
            20,
            8
        ],
        [
            10,
            18,
            10,
            0,
            16,
            13,
            12,
            5,
            15,
            5,
            24,
            3,
            9,
            19,
            8,
            14,
            7,
            23,
            7,
            6,
            18,
            24,
            7,
            25,
            22,
            9,
            9,
            17,
            9,
            11,
            19,
            17,
            17
        ],
        [
            11,
            3,
            12,
            16,
            0,
            5,
            5,
            19,
            19,
            14,
            8,
            19,
            15,
            4,
            15,
            12,
            18,
            10,
            21,
            12,
            11,
            11,
            22,
            12,
            11,
            15,
            8,
            2,
            10,
            13,
            12,
            13,
            10
        ],
        [
            6,
            7,
            12,
            13,
            5,
            0,
            6,
            16,
            20,
            13,
            12,
            16,
            11,
            6,
            14,
            14,
            17,
            14,
            17,
            8,
            14,
            15,
            19,
            16,
            15,
            15,
            7,
            6,
            9,
            14,
            15,
            9,
            13
        ],
        [
            9,
            7,
            7,
            12,
            5,
            6,
            0,
            16,
            15,
            10,
            13,
            15,
            14,
            9,
            10,
            8,
            13,
            12,
            18,
            9,
            9,
            13,
            19,
            14,
            11,
            11,
            3,
            6,
            5,
            8,
            10,
            14,
            8
        ],
        [
            11,
            21,
            14,
            5,
            19,
            16,
            16,
            0,
            19,
            9,
            27,
            2,
            8,
            21,
            12,
            18,
            10,
            27,
            3,
            8,
            22,
            28,
            4,
            29,
            26,
            13,
            13,
            20,
            13,
            16,
            24,
            17,
            21
        ],
        [
            20,
            19,
            8,
            15,
            19,
            20,
            15,
            19,
            0,
            11,
            25,
            17,
            22,
            23,
            8,
            7,
            9,
            20,
            22,
            17,
            12,
            20,
            21,
            21,
            17,
            7,
            14,
            19,
            12,
            7,
            13,
            28,
            12
        ],
        [
            11,
            16,
            6,
            5,
            14,
            13,
            10,
            9,
            11,
            0,
            22,
            8,
            12,
            17,
            4,
            9,
            5,
            20,
            11,
            7,
            14,
            21,
            12,
            22,
            18,
            5,
            7,
            15,
            6,
            7,
            15,
            18,
            13
        ],
        [
            17,
            7,
            19,
            24,
            8,
            12,
            13,
            27,
            25,
            22,
            0,
            27,
            22,
            6,
            22,
            19,
            26,
            8,
            28,
            20,
            15,
            10,
            30,
            10,
            12,
            23,
            16,
            8,
            17,
            20,
            15,
            17,
            14
        ],
        [
            11,
            21,
            13,
            3,
            19,
            16,
            15,
            2,
            17,
            8,
            27,
            0,
            9,
            21,
            10,
            16,
            8,
            26,
            5,
            8,
            21,
            27,
            5,
            28,
            25,
            11,
            12,
            20,
            12,
            14,
            22,
            18,
            20
        ],
        [
            5,
            17,
            16,
            9,
            15,
            11,
            14,
            8,
            22,
            12,
            22,
            9,
            0,
            16,
            15,
            19,
            15,
            24,
            8,
            6,
            22,
            25,
            10,
            26,
            24,
            16,
            11,
            16,
            13,
            17,
            23,
            10,
            21
        ],
        [
            12,
            5,
            16,
            19,
            4,
            6,
            9,
            21,
            23,
            17,
            6,
            21,
            16,
            0,
            18,
            16,
            21,
            11,
            23,
            14,
            14,
            12,
            24,
            13,
            13,
            19,
            11,
            5,
            13,
            17,
            15,
            12,
            13
        ],
        [
            13,
            16,
            4,
            8,
            15,
            14,
            10,
            12,
            8,
            4,
            22,
            10,
            15,
            18,
            0,
            7,
            4,
            19,
            15,
            9,
            12,
            19,
            14,
            21,
            17,
            2,
            8,
            15,
            6,
            4,
            13,
            21,
            12
        ],
        [
            16,
            13,
            4,
            14,
            12,
            14,
            8,
            18,
            7,
            9,
            19,
            16,
            19,
            16,
            7,
            0,
            10,
            14,
            20,
            13,
            6,
            14,
            20,
            15,
            11,
            7,
            9,
            12,
            7,
            3,
            7,
            22,
            6
        ],
        [
            14,
            19,
            8,
            7,
            18,
            17,
            13,
            10,
            9,
            5,
            26,
            8,
            15,
            21,
            4,
            10,
            0,
            23,
            13,
            10,
            16,
            23,
            12,
            24,
            20,
            4,
            11,
            18,
            9,
            8,
            17,
            22,
            16
        ],
        [
            19,
            8,
            16,
            23,
            10,
            14,
            12,
            27,
            20,
            20,
            8,
            26,
            24,
            11,
            19,
            14,
            23,
            0,
            29,
            20,
            8,
            2,
            30,
            3,
            4,
            19,
            15,
            8,
            15,
            16,
            8,
            22,
            8
        ],
        [
            12,
            23,
            17,
            7,
            21,
            17,
            18,
            3,
            22,
            11,
            28,
            5,
            8,
            23,
            15,
            20,
            13,
            29,
            0,
            9,
            25,
            30,
            3,
            31,
            28,
            15,
            15,
            22,
            15,
            18,
            26,
            17,
            24
        ],
        [
            5,
            14,
            10,
            6,
            12,
            8,
            9,
            8,
            17,
            7,
            20,
            8,
            6,
