{
    "_id_": "t=euclidean+d=7+c=3+n=10+v=1+o=100+r=18",
    "meta": {
        "t": "euclidean",
        "d": 7,
        "c": 3,
        "n": 10,
        "v": 1,
        "o": 100,
        "r": 18
    },
    "num_carriers": 3,
    "max_vehicle_load": 999999999,
    "max_tour_distance": 999999999,
    "max_tour_duration": 999999999,
    "carriers_max_num_tours": 1,
    "requests": [
        0,
        1,
        2,
        3,
        4,
        5,
        6,
        7,
        8,
        9,
        10,
        11,
        12,
        13,
        14,
        15,
        16,
        17,
        18,
        19,
        20,
        21,
        22,
        23,
        24,
        25,
        26,
        27,
        28,
        29
    ],
    "num_requests": 30,
    "num_requests_per_carrier": 10,
    "vertex_x_coords": [
        19.5,
        9.000000000000002,
        8.999999999999996,
        3.565033111113469,
        18.629601086469275,
        20.900498214917256,
        13.454618851411407,
        24.254423373272573,
        24.66992955066393,
        5.166577996953292,
        14.902188768316671,
        18.96761215784543,
        23.770663524303252,
        18.973014263727894,
        5.679718196725453,
        19.69950236717795,
        12.671114951839996,
        5.345782726830309,
        23.188171999553028,
        11.008064270836549,
        11.848289138719856,
        10.72539033597211,
        13.912541837186701,
        12.450473382890037,
        17.277323947981902,
        18.682427455504733,
        18.909177277840254,
        15.052419969606923,
        4.193327195657762,
        3.8972323413311556,
        16.869173940388272,
        21.98203446684129,
        14.4712698457005
    ],
    "vertex_y_coords": [
        12.5,
        18.562177826491073,
        6.4378221735089305,
        20.11664600670382,
        22.059289107624284,
        15.247247682866178,
        23.51510433417082,
        7.271171950165625,
        24.180149589787458,
        24.669243808494628,
        5.111026996209714,
        5.10465721983073,
        0.14678588326867414,
        15.444760175425026,
        20.077104685740714,
        10.1868795020846,
        6.822946558445578,
        4.250260942067863,
        20.64328716681141,
        10.126243684730643,
        2.3788307212252944,
        10.398028076333091,
        18.548055945285714,
        12.515806084243264,
        7.990986922716606,
        23.457586776802085,
        1.767164388753581,
        10.72874222382556,
        13.304396062528381,
        17.488905597365967,
        8.244370333444188,
        22.865384129732252,
        4.208992654314667
    ],
    "request_to_carrier_assignment": [
        0,
        0,
        0,
        0,
        0,
        0,
        0,
        0,
        0,
        0,
        1,
        1,
        1,
        1,
        1,
        1,
        1,
        1,
        1,
        1,
        2,
        2,
        2,
        2,
        2,
        2,
        2,
        2,
        2,
        2
    ],
    "request_disclosure_time": [
        "0001-01-01T00:00:00",
        "0001-01-01T03:24:00",
        "0001-01-01T06:48:00",
        "0001-01-01T10:12:00",
        "0001-01-01T13:36:00",
        "0001-01-01T17:00:00",
        "0001-01-01T20:24:00",
        "0001-01-01T23:48:00",
        "0001-01-02T03:12:00",
        "0001-01-02T06:36:00",
        "0001-01-01T00:00:00",
        "0001-01-01T03:24:00",
        "0001-01-01T06:48:00",
        "0001-01-01T10:12:00",
        "0001-01-01T13:36:00",
        "0001-01-01T17:00:00",
        "0001-01-01T20:24:00",
        "0001-01-01T23:48:00",
        "0001-01-02T03:12:00",
        "0001-01-02T06:36:00",
        "0001-01-01T00:00:00",
        "0001-01-01T03:24:00",
        "0001-01-01T06:48:00",
        "0001-01-01T10:12:00",
        "0001-01-01T13:36:00",
        "0001-01-01T17:00:00",
        "0001-01-01T20:24:00",
        "0001-01-01T23:48:00",
        "0001-01-02T03:12:00",
        "0001-01-02T06:36:00"
    ],
    "vertex_revenue": [
        0,
        0,
        0,
        1,
        1,
        1,
        1,
        1,
        1,
        1,
        1,
        1,
        1,
        1,
        1,
        1,
        1,
        1,
        1,
        1,
        1,
        1,
        1,
        1,
        1,
        1,
        1,
        1,
        1,
        1,
        1,
        1,
        1
    ],
    "vertex_load": [
        0,
        0,
        0,
        1,
        1,
        1,
        1,
        1,
        1,
        1,
        1,
        1,
        1,
        1,
        1,
        1,
        1,
        1,
        1,
        1,
        1,
        1,
        1,
        1,
        1,
        1,
        1,
        1,
        1,
        1,
        1,
        1,
        1
    ],
    "vertex_service_duration": [
        0,
        0,
        0,
        240.0,
        240.0,
        240.0,
        240.0,
        240.0,
        240.0,
        240.0,
        240.0,
        240.0,
        240.0,
        240.0,
        240.0,
        240.0,
        240.0,
        240.0,
        240.0,
        240.0,
        240.0,
        240.0,
        240.0,
        240.0,
        240.0,
        240.0,
        240.0,
        240.0,
        240.0,
        240.0,
        240.0,
        240.0,
        240.0
    ],
    "tw_open": [
        "0001-01-02T10:00:00",
        "0001-01-02T10:00:00",
        "0001-01-02T10:00:00",
        "0001-01-02T10:00:00",
        "0001-01-02T10:00:00",
        "0001-01-02T10:00:00",
        "0001-01-02T10:00:00",
        "0001-01-02T10:00:00",
        "0001-01-02T10:00:00",
        "0001-01-02T10:00:00",
        "0001-01-02T10:00:00",
        "0001-01-02T10:00:00",
        "0001-01-02T10:00:00",
        "0001-01-02T10:00:00",
        "0001-01-02T10:00:00",
        "0001-01-02T10:00:00",
        "0001-01-02T10:00:00",
        "0001-01-02T10:00:00",
        "0001-01-02T10:00:00",
        "0001-01-02T10:00:00",
        "0001-01-02T10:00:00",
        "0001-01-02T10:00:00",
        "0001-01-02T10:00:00",
        "0001-01-02T10:00:00",
        "0001-01-02T10:00:00",
        "0001-01-02T10:00:00",
        "0001-01-02T10:00:00",
        "0001-01-02T10:00:00",
        "0001-01-02T10:00:00",
        "0001-01-02T10:00:00",
        "0001-01-02T10:00:00",
        "0001-01-02T10:00:00",
        "0001-01-02T10:00:00"
    ],
    "tw_close": [
        "0001-01-02T18:00:00",
        "0001-01-02T18:00:00",
        "0001-01-02T18:00:00",
        "0001-01-02T18:00:00",
        "0001-01-02T18:00:00",
        "0001-01-02T18:00:00",
        "0001-01-02T18:00:00",
        "0001-01-02T18:00:00",
        "0001-01-02T18:00:00",
        "0001-01-02T18:00:00",
        "0001-01-02T18:00:00",
        "0001-01-02T18:00:00",
        "0001-01-02T18:00:00",
        "0001-01-02T18:00:00",
        "0001-01-02T18:00:00",
        "0001-01-02T18:00:00",
        "0001-01-02T18:00:00",
        "0001-01-02T18:00:00",
        "0001-01-02T18:00:00",
        "0001-01-02T18:00:00",
        "0001-01-02T18:00:00",
        "0001-01-02T18:00:00",
        "0001-01-02T18:00:00",
        "0001-01-02T18:00:00",
        "0001-01-02T18:00:00",
        "0001-01-02T18:00:00",
        "0001-01-02T18:00:00",
        "0001-01-02T18:00:00",
        "0001-01-02T18:00:00",
        "0001-01-02T18:00:00",
        "0001-01-02T18:00:00",
        "0001-01-02T18:00:00",
        "0001-01-02T18:00:00"
    ],
    "_travel_duration_matrix": [
        [
            0.0,
            1455.0,
            1455.0,
            2120.0,
            1152.0,
            371.0,
            1508.0,
            849.0,
            1533.0,
            2257.0,
            1045.0,
            890.0,
            1569.0,
            359.0,
            1892.0,
            279.0,
            1066.0,
            1966.0,
            1073.0,
            1059.0,
            1523.0,
            1083.0,
            989.0,
            846.0,
            604.0,
            1319.0,
            1290.0,
            575.0,
            1840.0,
            1966.0,
            601.0,
            1280.0,
            1164.0
        ],
        [
            1455.0,
            0.0,
            1455.0,
            679.0,
            1230.0,
            1483.0,
            800.0,
            2278.0,
            1998.0,
            866.0,
            1763.0,
            2010.0,
            2833.0,
            1254.0,
            438.0,
            1631.0,
            1476.0,
            1773.0,
            1721.0,
            1041.0,
            1972.0,
            1002.0,
            590.0,
            836.0,
            1612.0,
            1302.0,
            2341.0,
            1188.0,
            855.0,
            626.0,
            1558.0,
            1642.0,
            1844.0
        ],
        [
            1455.0,
            1455.0,
            0.0,
            1767.0,
            2203.0,
            1777.0,
            2118.0,
            1834.0,
            2841.0,
            2236.0,
            726.0,
            1207.0,
            1927.0,
            1613.0,
            1685.0,
            1361.0,
            443.0,
            512.0,
            2410.0,
            504.0,
            596.0,
            519.0,
            1569.0,
            839.0,
            1011.0,
            2350.0,
            1315.0,
            891.0,
            1006.0,
            1461.0,
            969.0,
            2513.0,
            709.0
        ],
        [
            2120.0,
            679.0,
            1767.0,
            0.0,
            1823.0,
            2161.0,
            1255.0,
            2923.0,
            2580.0,
            580.0,
            2257.0,
            2581.0,
            3410.0,
            1933.0,
            254.0,
            2274.0,
            1934.0,
            1916.0,
            2356.0,
            1495.0,
            2350.0,
            1449.0,
            1256.0,
            1404.0,
            2197.0,
            1858.0,
            2871.0,
            1781.0,
            821.0,
            318.0,
            2140.0,
            2235.0,
            2315.0
        ],
        [
            1152.0,
            1230.0,
            2203.0,
            1823.0,
            0.0,
            862.0,
            646.0,
            1899.0,
            769.0,
            1646.0,
            2083.0,
            2035.0,
            2701.0,
            795.0,
            1573.0,
            1431.0,
            1964.0,
            2667.0,
            573.0,
            1700.0,
            2498.0,
            1691.0,
            706.0,
            1365.0,
            1696.0,
            168.0,
            2436.0,
            1426.0,
            2027.0,
            1852.0,
            1672.0,
            414.0,
            2200.0
        ],
        [
            371.0,
            1483.0,
            1777.0,
            2161.0,
            862.0,
            0.0,
            1336.0,
            1039.0,
            1164.0,
            2201.0,
            1414.0,
            1240.0,
            1845.0,
            233.0,
            1917.0,
            625.0,
            1414.0,
            2286.0,
            704.0,
            1337.0,
            1889.0,
            1353.0,
            928.0,
            1066.0,
            974.0,
            1021.0,
            1636.0,
            887.0,
            2019.0,
            2059.0,
            970.0,
            924.0,
            1533.0
        ],
        [
            1508.0,
            800.0,
            2118.0,
            1255.0,
            646.0,
            1336.0,
            0.0,
            2341.0,
            1349.0,
            1005.0,
            2216.0,
            2307.0,
            3066.0,
            1174.0,
            1021.0,
            1767.0,
            2006.0,
            2509.0,
            1218.0,
            1634.0,
            2544.0,
            1608.0,
            599.0,
            1326.0,
            1919.0,
            628.0,
            2691.0,
            1547.0,
            1655.0,
            1356.0,
            1878.0,
            1027.0,
            2320.0
        ],
        [
            849.0,
            2278.0,
            1834.0,
            2923.0,
            1899.0,
            1039.0,
            2341.0,
            0.0,
            2030.0,
            3100.0,
            1152.0,
            686.0,
            857.0,
            1168.0,
            2708.0,
            649.0,
            1392.0,
            2298.0,
            1610.0,
            1627.0,
            1601.0,
            1667.0,
            1837.0,
            1550.0,
            842.0,
            2055.0,
            921.0,
            1180.0,
            2514.0,
            2734.0,
            894.0,
            1892.0,
            1231.0
        ],
        [
            1533.0,
            1998.0,
            2841.0,
            2580.0,
            769.0,
            1164.0,
            1349.0,
            2030.0,
            0.0,
            2342.0,
            2572.0,
            2390.0,
            2887.0,
            1252.0,
            2332.0,
            1782.0,
            2533.0,
            3332.0,
            461.0,
            2352.0,
            3036.0,
            2353.0,
            1458.0,
            2028.0,
            2136.0,
            724.0,
            2777.0,
            1985.0,
            2783.0,
            2619.0,
            2130.0,
            360.0,
            2691.0
        ],
        [
            2257.0,
            866.0,
            2236.0,
            580.0,
            1646.0,
            2201.0,
            1005.0,
            3100.0,
            2342.0,
            0.0,
            2622.0,
            2874.0,
            3694.0,
            1993.0,
            555.0,
            2463.0,
            2324.0,
            2451.0,
            2216.0,
            1881.0,
            2793.0,
            1838.0,
            1282.0,
            1701.0,
            2474.0,
            1629.0,
            3206.0,
            2051.0,
            1369.0,
            876.0,
            2421.0,
            2030.0,
            2698.0
        ],
        [
            1045.0,
            1763.0,
            726.0,
            2257.0,
            2083.0,
            1414.0,
            2216.0,
            1152.0,
            2572.0,
            2622.0,
            0.0,
            488.0,
            1220.0,
            1333.0,
            2110.0,
            839.0,
            338.0,
            1152.0,
            2113.0,
            762.0,
            492.0,
            809.0,
            1617.0,
            937.0,
            448.0,
            2248.0,
            627.0,
            675.0,
            1619.0,
            1988.0,
            444.0,
            2294.0,
            120.0
        ],
        [
            890.0,
            2010.0,
            1207.0,
            2581.0,
            2035.0,
            1240.0,
            2307.0,
            686.0,
            2390.0,
            2874.0,
            488.0,
            0.0,
            829.0,
            1241.0,
            2403.0,
            617.0,
            784.0,
            1638.0,
            1933.0,
            1130.0,
            915.0,
            1176.0,
            1724.0,
            1185.0,
            402.0,
            2203.0,
            401.0,
            823.0,
            2028.0,
            2341.0,
            454.0,
            2162.0,
            551.0
        ],
        [
            1569.0,
            2833.0,
            1927.0,
            3410.0,
            2701.0,
            1845.0,
            3066.0,
            857.0,
            2887.0,
            3694.0,
            1220.0,
            829.0,
            0.0,
            1924.0,
            3230.0,
            1301.0,
            1555.0,
            2266.0,
            2461.0,
            1945.0,
            1456.0,
            1991.0,
            2506.0,
            2013.0,
            1222.0,
            2864.0,
            615.0,
            1646.0,
            2831.0,
            3166.0,
            1277.0,
            2735.0,
            1218.0
        ],
        [
            359.0,
            1254.0,
            1613.0,
            1933.0,
            795.0,
            233.0,
            1174.0,
            1168.0,
            1252.0,
            1993.0,
            1333.0,
            1241.0,
            1924.0,
            0.0,
            1690.0,
            637.0,
            1282.0,
            2117.0,
            804.0,
            1150.0,
            1786.0,
            1161.0,
            713.0,
            858.0,
            918.0,
            963.0,
            1642.0,
            736.0,
            1793.0,
            1826.0,
            901.0,
            961.0,
            1453.0
        ],
        [
            1892.0,
            438.0,
            1685.0,
            254.0,
            1573.0,
            1917.0,
            1021.0,
            2708.0,
            2332.0,
            555.0,
            2110.0,
            2403.0,
            3230.0,
            1690.0,
            0.0,
            2059.0,
            1799.0,
            1900.0,
            2103.0,
            1355.0,
            2250.0,
            1310.0,
            1005.0,
            1218.0,
            2011.0,
            1613.0,
            2711.0,
            1589.0,
            833.0,
            378.0,
            1955.0,
            1985.0,
            2177.0
        ],
        [
            279.0,
            1631.0,
            1361.0,
            2274.0,
            1431.0,
            625.0,
            1767.0,
            649.0,
            1782.0,
            2463.0,
            839.0,
            617.0,
            1301.0,
            637.0,
            2059.0,
            0.0,
            936.0,
            1864.0,
            1323.0,
            1043.0,
            1329.0,
            1078.0,
            1221.0,
            914.0,
            393.0,
            1598.0,
            1015.0,
            562.0,
            1898.0,
            2089.0,
            412.0,
            1546.0,
            953.0
        ],
        [
            1066.0,
            1476.0,
            443.0,
            1934.0,
            1964.0,
            1414.0,
            2006.0,
            1392.0,
            2533.0,
            2324.0,
            338.0,
            784.0,
            1555.0,
            1282.0,
            1799.0,
            936.0,
            0.0,
            932.0,
            2085.0,
            444.0,
            543.0,
            489.0,
            1415.0,
            684.0,
            571.0,
            2123.0,
            964.0,
            549.0,
            1281.0,
            1658.0,
            532.0,
            2226.0,
            381.0
        ],
        [
            1966.0,
            1773.0,
            512.0,
            1916.0,
            2667.0,
            2286.0,
            2509.0,
            2298.0,
            3332.0,
            2451.0,
            1152.0,
            1638.0,
            2266.0,
            2117.0,
            1900.0,
            1864.0,
            932.0,
            0.0,
            2908.0,
            980.0,
            812.0,
            981.0,
            2001.0,
            1308.0,
            1501.0,
            2807.0,
            1655.0,
            1401.0,
            1096.0,
            1599.0,
            1464.0,
            2996.0,
            1096.0
        ],
        [
            1073.0,
            1721.0,
            2410.0,
            2356.0,
            573.0,
            704.0,
            1218.0,
            1610.0,
            461.0,
            2216.0,
            2113.0,
            1933.0,
            2461.0,
            804.0,
            2103.0,
            1323.0,
            2085.0,
            2908.0,
            0.0,
            1932.0,
            2580.0,
            1937.0,
            1142.0,
            1617.0,
            1676.0,
            638.0,
            2323.0,
            1540.0,
            2444.0,
            2346.0,
            1670.0,
            304.0,
            2233.0
        ],
        [
            1059.0,
            1041.0,
            504.0,
            1495.0,
            1700.0,
            1337.0,
            1634.0,
            1627.0,
            2352.0,
            1881.0,
            762.0,
            1130.0,
            1945.0,
            1150.0,
            1355.0,
            1043.0,
            444.0,
            980.0,
            1932.0,
            0.0,
            936.0,
            48.0,
            1070.0,
            335.0,
            795.0,
            1846.0,
            1381.0,
            491.0,
            903.0,
            1229.0,
            739.0,
            2018.0,
            823.0
        ],
        [
            1523.0,
            1972.0,
            596.0,
            2350.0,
            2498.0,
            1889.0,
            2544.0,
            1601.0,
            3036.0,
            2793.0,
            492.0,
            915.0,
            1456.0,
            1786.0,
            2250.0,
            1329.0,
            543.0,
            812.0,
            2580.0,
            936.0,
            0.0,
            972.0,
            1957.0,
            1219.0,
            938.0,
            2660.0,
            851.0,
            1074.0,
            1601.0,
            2049.0,
            927.0,
            2743.0,
            384.0
        ],
        [
            1083.0,
            1002.0,
            519.0,
            1449.0,
            1691.0,
            1353.0,
            1608.0,
            1667.0,
            2353.0,
            1838.0,
            809.0,
            1176.0,
            1991.0,
            1161.0,
            1310.0,
            1078.0,
            489.0,
            981.0,
            1937.0,
            48.0,
            972.0,
            0.0,
            1051.0,
            328.0,
            838.0,
            1836.0,
            1428.0,
            521.0,
            858.0,
            1182.0,
            782.0,
            2016.0,
            869.0
        ],
        [
            989.0,
            590.0,
            1569.0,
            1256.0,
            706.0,
            928.0,
            599.0,
            1837.0,
            1458.0,
            1282.0,
            1617.0,
            1724.0,
            2506.0,
            713.0,
            1005.0,
            1221.0,
            1415.0,
            2001.0,
            1142.0,
            1070.0,
            1957.0,
            1051.0,
            0.0,
            745.0,
            1330.0,
            822.0,
            2102.0,
            949.0,
            1326.0,
            1209.0,
            1287.0,
            1099.0,
            1722.0
        ],
        [
            846.0,
            836.0,
            839.0,
            1404.0,
            1365.0,
            1066.0,
            1326.0,
            1550.0,
            2028.0,
            1701.0,
            937.0,
            1185.0,
            2013.0,
            858.0,
            1218.0,
            914.0,
            684.0,
            1308.0,
            1617.0,
            335.0,
            1219.0,
            328.0,
            745.0,
            0.0,
            794.0,
            1512.0,
            1505.0,
            379.0,
            996.0,
            1188.0,
            738.0,
            1689.0,
            1026.0
        ],
        [
            604.0,
            1612.0,
            1011.0,
            2197.0,
            1696.0,
            974.0,
            1919.0,
            842.0,
            2136.0,
            2474.0,
            448.0,
            402.0,
            1222.0,
            918.0,
            2011.0,
            393.0,
            571.0,
            1501.0,
            1676.0,
            795.0,
            938.0,
            838.0,
            1330.0,
            794.0,
            0.0,
            1864.0,
            773.0,
            424.0,
            1695.0,
            1970.0,
            58.0,
            1873.0,
            566.0
        ],
        [
            1319.0,
            1302.0,
            2350.0,
            1858.0,
            168.0,
            1021.0,
            628.0,
            2055.0,
            724.0,
            1629.0,
            2248.0,
            2203.0,
            2864.0,
            963.0,
            1613.0,
            1598.0,
            2123.0,
            2807.0,
            638.0,
            1846.0,
            2660.0,
            1836.0,
            822.0,
            1512.0,
            1864.0,
            0.0,
            2603.0,
            1589.0,
            2124.0,
            1914.0,
            1839.0,
            403.0,
            2365.0
        ],
        [
            1290.0,
            2341.0,
            1315.0,
            2871.0,
            2436.0,
            1636.0,
            2691.0,
            921.0,
            2777.0,
            3206.0,
            627.0,
            401.0,
            615.0,
            1642.0,
            2711.0,
            1015.0,
            964.0,
            1655.0,
            2323.0,
            1381.0,
            851.0,
            1428.0,
            2102.0,
            1505.0,
            773.0,
            2603.0,
            0.0,
            1171.0,
            2244.0,
            2609.0,
            815.0,
            2559.0,
            608.0
        ],
        [
            575.0,
            1188.0,
            891.0,
            1781.0,
            1426.0,
            887.0,
            1547.0,
            1180.0,
            1985.0,
            2051.0,
            675.0,
            823.0,
            1646.0,
            736.0,
            1589.0,
            562.0,
            549.0,
            1401.0,
            1540.0,
            491.0,
            1074.0,
            521.0,
            949.0,
            379.0,
            424.0,
            1589.0,
            1171.0,
            0.0,
            1340.0,
            1566.0,
            370.0,
            1678.0,
            786.0
        ],
        [
            1840.0,
            855.0,
            1006.0,
            821.0,
            2027.0,
            2019.0,
            1655.0,
            2514.0,
            2783.0,
            1369.0,
            1619.0,
            2028.0,
            2831.0,
            1793.0,
            833.0,
            1898.0,
            1281.0,
            1096.0,
            2444.0,
            903.0,
            1601.0,
            858.0,
            1326.0,
            996.0,
            1695.0,
            2124.0,
            2244.0,
            1340.0,
            0.0,
            504.0,
            1638.0,
            2424.0,
            1647.0
        ],
        [
            1966.0,
            626.0,
            1461.0,
            318.0,
            1852.0,
            2059.0,
            1356.0,
            2734.0,
            2619.0,
            876.0,
            1988.0,
            2341.0,
            3166.0,
            1826.0,
            378.0,
            2089.0,
            1658.0,
            1599.0,
            2346.0,
            1229.0,
            2049.0,
            1182.0,
            1209.0,
            1188.0,
            1970.0,
            1914.0,
            2609.0,
            1566.0,
            504.0,
            0.0,
            1912.0,
            2265.0,
            2038.0
        ],
        [
            601.0,
            1558.0,
            969.0,
            2140.0,
            1672.0,
            970.0,
            1878.0,
            894.0,
            2130.0,
            2421.0,
            444.0,
            454.0,
            1277.0,
            901.0,
            1955.0,
            412.0,
            532.0,
            1464.0,
            1670.0,
            739.0,
            927.0,
            782.0,
            1287.0,
            738.0,
            58.0,
            1839.0,
            815.0,
            370.0,
            1638.0,
            1912.0,
            0.0,
            1859.0,
            564.0
        ],
        [
            1280.0,
            1642.0,
            2513.0,
            2235.0,
            414.0,
            924.0,
            1027.0,
            1892.0,
            360.0,
            2030.0,
            2294.0,
            2162.0,
            2735.0,
            961.0,
            1985.0,
            1546.0,
            2226.0,
            2996.0,
            304.0,
            2018.0,
            2743.0,
            2016.0,
            1099.0,
            1689.0,
            1873.0,
            403.0,
            2559.0,
            1678.0,
            2424.0,
            2265.0,
            1859.0,
            0.0,
            2414.0
        ],
        [
            1164.0,
            1844.0,
            709.0,
            2315.0,
            2200.0,
            1533.0,
            2320.0,
            1231.0,
            2691.0,
            2698.0,
            120.0,
            551.0,
            1218.0,
            1453.0,
            2177.0,
            953.0,
            381.0,
            1096.0,
            2233.0,
            823.0,
            384.0,
            869.0,
            1722.0,
            1026.0,
            566.0,
            2365.0,
            608.0,
            786.0,
            1647.0,
            2038.0,
            564.0,
            2414.0,
            0.0
        ]
    ],
    "_travel_distance_matrix": [
        [
            0,
            13,
            13,
            18,
            10,
            4,
            13,
            8,
            13,
            19,
            9,
            8,
            14,
            3,
            16,
            3,
            9,
            17,
            9,
            9,
            13,
            10,
            9,
            8,
            6,
            11,
            11,
            5,
            16,
            17,
            6,
            11,
            10
        ],
        [
            13,
            0,
            13,
            6,
            11,
            13,
            7,
            19,
            17,
            8,
            15,
            17,
            24,
            11,
            4,
            14,
            13,
            15,
            15,
            9,
            17,
            9,
            5,
            7,
            14,
            11,
            20,
            10,
            8,
            6,
            13,
            14,
            16
        ],
        [
            13,
            13,
            0,
            15,
            19,
            15,
            18,
            16,
            24,
            19,
            7,
            11,
            17,
            14,
            15,
            12,
            4,
            5,
            21,
            5,
            5,
            5,
            14,
            7,
            9,
            20,
            11,
            8,
            9,
            13,
            9,
            21,
            6
        ],
        [
            18,
            6,
            15,
            0,
            16,
            19,
            11,
            25,
            22,
            5,
            19,
            22,
            29,
            17,
            3,
            19,
            17,
            16,
            20,
            13,
            20,
            13,
            11,
            12,
            19,
            16,
            24,
            15,
            7,
            3,
            18,
            19,
            20
        ],
        [
            10,
            11,
            19,
            16,
            0,
            8,
            6,
            16,
            7,
            14,
            18,
            17,
            23,
            7,
            14,
            12,
            17,
            23,
            5,
            15,
            21,
            15,
            6,
            12,
            15,
            2,
            21,
            12,
            17,
            16,
            14,
            4,
            19
        ],
        [
            4,
            13,
            15,
            19,
            8,
            0,
            12,
            9,
            10,
            19,
            12,
            11,
            16,
            2,
            16,
            6,
            12,
            20,
            6,
            12,
            16,
            12,
            8,
            9,
            9,
            9,
            14,
            8,
            17,
            18,
            9,
            8,
            13
        ],
        [
            13,
            7,
            18,
            11,
            6,
            12,
            0,
            20,
            12,
            9,
            19,
            20,
            26,
            10,
            9,
            15,
            17,
            21,
            11,
            14,
            22,
            14,
            5,
            12,
            16,
            6,
            23,
            13,
            14,
            12,
            16,
            9,
            20
        ],
        [
            8,
            19,
            16,
            25,
            16,
            9,
            20,
            0,
            17,
            26,
            10,
            6,
            8,
            10,
            23,
            6,
            12,
            20,
            14,
            14,
            14,
            14,
            16,
            13,
            8,
            18,
            8,
            10,
            21,
            23,
            8,
            16,
            11
        ],
        [
            13,
            17,
            24,
            22,
            7,
            10,
            12,
            17,
            0,
            20,
            22,
            20,
            25,
            11,
            20,
            15,
            22,
            28,
            4,
            20,
            26,
            20,
            13,
            17,
            18,
            7,
            24,
            17,
            24,
            22,
            18,
            3,
            23
        ],
        [
            19,
            8,
            19,
            5,
            14,
            19,
            9,
            26,
            20,
            0,
            22,
            24,
            31,
            17,
            5,
            21,
            20,
            21,
            19,
            16,
            24,
            16,
            11,
            15,
            21,
            14,
            27,
            18,
            12,
            8,
            21,
            17,
            23
        ],
        [
            9,
            15,
            7,
            19,
            18,
            12,
            19,
            10,
            22,
            22,
            0,
            5,
            11,
            12,
            18,
            7,
            3,
            10,
            18,
            7,
            5,
            7,
            14,
            8,
            4,
            19,
            6,
            6,
            14,
            17,
            4,
            20,
            1
        ],
        [
            8,
            17,
            11,
            22,
            17,
            11,
            20,
            6,
            20,
            24,
            5,
            0,
            7,
            11,
            21,
            6,
            7,
            14,
            17,
            10,
            8,
            10,
            15,
            10,
            4,
            19,
            4,
            7,
            17,
            20,
            4,
            19,
            5
        ],
        [
            14,
            24,
            17,
            29,
            23,
            16,
            26,
            8,
            25,
            31,
            11,
            7,
            0,
            17,
            27,
            11,
            13,
            19,
            21,
            17,
            13,
            17,
            21,
            17,
            11,
            24,
            6,
            14,
            24,
            27,
            11,
            23,
            11
        ],
        [
            3,
            11,
            14,
            17,
            7,
            2,
            10,
            10,
            11,
            17,
            12,
            11,
            17,
            0,
            15,
            6,
            11,
            18,
            7,
            10,
            15,
            10,
            6,
            8,
            8,
            9,
            14,
            7,
            15,
            16,
            8,
            9,
            13
        ],
        [
            16,
            4,
            15,
            3,
            14,
            16,
            9,
            23,
            20,
            5,
            18,
            21,
            27,
            15,
            0,
            18,
            15,
            16,
            18,
            12,
            19,
            11,
            9,
            11,
            17,
            14,
            23,
            14,
            7,
            4,
            17,
            17,
            19
        ],
        [
            3,
            14,
            12,
            19,
            12,
            6,
            15,
            6,
            15,
            21,
            7,
            6,
            11,
            6,
            18,
            0,
            8,
            16,
            12,
            9,
            12,
            9,
            11,
            8,
            4,
            14,
            9,
            5,
            16,
            18,
            4,
            13,
            8
        ],
        [
            9,
            13,
            4,
            17,
            17,
            12,
            17,
            12,
            22,
            20,
            3,
            7,
            13,
            11,
            15,
            8,
            0,
            8,
            18,
            4,
            5,
            5,
            12,
            6,
            5,
            18,
            9,
            5,
            11,
            14,
            5,
            19,
            4
        ],
        [
            17,
            15,
            5,
            16,
            23,
            20,
            21,
            20,
            28,
            21,
            10,
            14,
            19,
            18,
            16,
            16,
            8,
            0,
            25,
            9,
            7,
            9,
            17,
            11,
            13,
            24,
            14,
            12,
            10,
            14,
            13,
            25,
            10
        ],
        [
            9,
            15,
            21,
            20,
            5,
            6,
            11,
            14,
            4,
            19,
            18,
            17,
            21,
            7,
            18,
            12,
            18,
            25,
            0,
            17,
            22,
            17,
            10,
            14,
            14,
            6,
            20,
            13,
            21,
            20,
            14,
            3,
            19
        ],
        [
            9,
            9,
            5,
            13,
            15,
            12,
            14,
            14,
            20,
            16,
            7,
            10,
            17,
            10,
            12,
            9,
            4,
