{
    "_id_": "t=euclidean+d=7+c=3+n=05+v=3+o=100+r=15",
    "meta": {
        "t": "euclidean",
        "d": 7,
        "c": 3,
        "n": 5,
        "v": 3,
        "o": 100,
        "r": 15
    },
    "num_carriers": 3,
    "max_vehicle_load": 999999999,
    "max_tour_distance": 999999999,
    "max_tour_duration": 999999999,
    "carriers_max_num_tours": 3,
    "requests": [
        0,
        1,
        2,
        3,
        4,
        5,
        6,
        7,
        8,
        9,
        10,
        11,
        12,
        13,
        14
    ],
    "num_requests": 15,
    "num_requests_per_carrier": 5,
    "vertex_x_coords": [
        19.5,
        9.000000000000002,
        8.999999999999996,
        0.15440189921648306,
        1.6531958284596775,
        3.0760835451365818,
        20.426877615387077,
        13.263647895805732,
        19.49288645804974,
        2.5994286359586005,
        4.477896770553527,
        2.88454651997595,
        11.8708192057005,
        8.319052625331002,
        22.58892984600854,
        7.29751854185808,
        11.02621541332057,
        19.71689191512761
    ],
    "vertex_y_coords": [
        12.5,
        18.562177826491073,
        6.4378221735089305,
        23.54395268539125,
        24.476105072734676,
        2.5677239703784718,
        23.508317267011765,
        3.135901880453557,
        2.563419620360863,
        12.015687290932847,
        7.26635098766274,
        18.123665437799964,
        17.712770455259587,
        24.04074368409369,
        23.166659211851044,
        12.190910978840828,
        22.525818137031095,
        5.6506192269723945
    ],
    "request_to_carrier_assignment": [
        0,
        0,
        0,
        0,
        0,
        1,
        1,
        1,
        1,
        1,
        2,
        2,
        2,
        2,
        2
    ],
    "request_disclosure_time": [
        "0001-01-01T00:00:00",
        "0001-01-01T06:48:00",
        "0001-01-01T13:36:00",
        "0001-01-01T20:24:00",
        "0001-01-02T03:12:00",
        "0001-01-01T00:00:00",
        "0001-01-01T06:48:00",
        "0001-01-01T13:36:00",
        "0001-01-01T20:24:00",
        "0001-01-02T03:12:00",
        "0001-01-01T00:00:00",
        "0001-01-01T06:48:00",
        "0001-01-01T13:36:00",
        "0001-01-01T20:24:00",
        "0001-01-02T03:12:00"
    ],
    "vertex_revenue": [
        0,
        0,
        0,
        1,
        1,
        1,
        1,
        1,
        1,
        1,
        1,
        1,
        1,
        1,
        1,
        1,
        1,
        1
    ],
    "vertex_load": [
        0,
        0,
        0,
        1,
        1,
        1,
        1,
        1,
        1,
        1,
        1,
        1,
        1,
        1,
        1,
        1,
        1,
        1
    ],
    "vertex_service_duration": [
        0,
        0,
        0,
        240.0,
        240.0,
        240.0,
        240.0,
        240.0,
        240.0,
        240.0,
        240.0,
        240.0,
        240.0,
        240.0,
        240.0,
        240.0,
        240.0,
        240.0
    ],
    "tw_open": [
        "0001-01-02T10:00:00",
        "0001-01-02T10:00:00",
        "0001-01-02T10:00:00",
        "0001-01-02T10:00:00",
        "0001-01-02T10:00:00",
        "0001-01-02T10:00:00",
        "0001-01-02T10:00:00",
        "0001-01-02T10:00:00",
        "0001-01-02T10:00:00",
        "0001-01-02T10:00:00",
        "0001-01-02T10:00:00",
        "0001-01-02T10:00:00",
        "0001-01-02T10:00:00",
        "0001-01-02T10:00:00",
        "0001-01-02T10:00:00",
        "0001-01-02T10:00:00",
        "0001-01-02T10:00:00",
        "0001-01-02T10:00:00"
    ],
    "tw_close": [
        "0001-01-02T18:00:00",
        "0001-01-02T18:00:00",
        "0001-01-02T18:00:00",
        "0001-01-02T18:00:00",
        "0001-01-02T18:00:00",
        "0001-01-02T18:00:00",
        "0001-01-02T18:00:00",
        "0001-01-02T18:00:00",
        "0001-01-02T18:00:00",
        "0001-01-02T18:00:00",
        "0001-01-02T18:00:00",
        "0001-01-02T18:00:00",
        "0001-01-02T18:00:00",
        "0001-01-02T18:00:00",
        "0001-01-02T18:00:00",
        "0001-01-02T18:00:00",
        "0001-01-02T18:00:00",
        "0001-01-02T18:00:00"
    ],
    "_travel_duration_matrix": [
        [
            0.0,
            1455.0,
            1455.0,
            2674.0,
            2580.0,
            2304.0,
            1326.0,
            1351.0,
            1193.0,
            2029.0,
            1909.0,
            2105.0,
            1109.0,
            1929.0,
            1333.0,
            1465.0,
            1576.0,
            823.0
        ],
        [
            1455.0,
            0.0,
            1455.0,
            1219.0,
            1132.0,
            2047.0,
            1495.0,
            1921.0,
            2296.0,
            1099.0,
            1461.0,
            736.0,
            360.0,
            663.0,
            1722.0,
            792.0,
            535.0,
            2014.0
        ],
        [
            1455.0,
            1455.0,
            0.0,
            2311.0,
            2338.0,
            850.0,
            2466.0,
            648.0,
            1343.0,
            1019.0,
            552.0,
            1583.0,
            1397.0,
            2114.0,
            2587.0,
            720.0,
            1946.0,
            1290.0
        ],
        [
            2674.0,
            1219.0,
            2311.0,
            0.0,
            212.0,
            2542.0,
            2433.0,
            2911.0,
            3425.0,
            1415.0,
            2022.0,
            729.0,
            1571.0,
            982.0,
            2693.0,
            1610.0,
            1311.0,
            3182.0
        ],
        [
            2580.0,
            1132.0,
            2338.0,
            212.0,
            0.0,
            2635.0,
            2256.0,
            2916.0,
            3391.0,
            1500.0,
            2093.0,
            777.0,
            1471.0,
            802.0,
            2518.0,
            1623.0,
            1149.0,
            3131.0
        ],
        [
            2304.0,
            2047.0,
            850.0,
            2542.0,
            2635.0,
            0.0,
            3264.0,
            1225.0,
            1971.0,
            1136.0,
            589.0,
            1867.0,
            2102.0,
            2653.0,
            3405.0,
            1262.0,
            2578.0,
            2031.0
        ],
        [
            1326.0,
            1495.0,
            2466.0,
            2433.0,
            2256.0,
            3264.0,
            0.0,
            2592.0,
            2516.0,
            2546.0,
            2732.0,
            2203.0,
            1241.0,
            1455.0,
            263.0,
            2081.0,
            1135.0,
            2145.0
        ],
        [
            1351.0,
            1921.0,
            648.0,
            2911.0,
            2916.0,
            1225.0,
            2592.0,
            0.0,
            751.0,
            1666.0,
            1165.0,
            2188.0,
            1758.0,
            2578.0,
            2652.0,
            1302.0,
            2343.0,
            832.0
        ],
        [
            1193.0,
            2296.0,
            1343.0,
            3425.0,
            3391.0,
            1971.0,
            2516.0,
            751.0,
            0.0,
            2323.0,
            1889.0,
            2732.0,
            2036.0,
            2906.0,
            2501.0,
            1865.0,
            2603.0,
            372.0
        ],
        [
            2029.0,
            1099.0,
            1019.0,
            1415.0,
            1500.0,
            1136.0,
            2546.0,
            1666.0,
            2323.0,
            0.0,
            613.0,
            734.0,
            1306.0,
            1598.0,
            2747.0,
            565.0,
            1617.0,
            2192.0
        ],
        [
            1909.0,
            1461.0,
            552.0,
            2022.0,
            2093.0,
            589.0,
            2732.0,
            1165.0,
            1889.0,
            613.0,
            0.0,
            1317.0,
            1536.0,
            2066.0,
            2893.0,
            681.0,
            1993.0,
            1839.0
        ],
        [
            2105.0,
            736.0,
            1583.0,
            729.0,
            777.0,
            1867.0,
            2203.0,
            2188.0,
            2732.0,
            734.0,
            1317.0,
            0.0,
            1080.0,
            965.0,
            2441.0,
            888.0,
            1111.0,
            2515.0
        ],
        [
            1109.0,
            360.0,
            1397.0,
            1571.0,
            1471.0,
            2102.0,
            1241.0,
            1758.0,
            2036.0,
            1306.0,
            1536.0,
            1080.0,
            0.0,
            871.0,
            1444.0,
            861.0,
            587.0,
            1727.0
        ],
        [
            1929.0,
            663.0,
            2114.0,
            982.0,
            802.0,
            2653.0,
            1455.0,
            2578.0,
            2906.0,
            1598.0,
            2066.0,
            965.0,
            871.0,
            0.0,
            1716.0,
            1428.0,
            373.0,
            2597.0
        ],
        [
            1333.0,
            1722.0,
            2587.0,
            2693.0,
            2518.0,
            3405.0,
            263.0,
            2652.0,
            2501.0,
            2747.0,
            2893.0,
            2441.0,
            1444.0,
            1716.0,
            0.0,
            2259.0,
            1390.0,
            2130.0
        ],
        [
            1465.0,
            792.0,
            720.0,
            1610.0,
            1623.0,
            1262.0,
            2081.0,
            1302.0,
            1865.0,
            565.0,
            681.0,
            888.0,
            861.0,
            1428.0,
            2259.0,
            0.0,
            1319.0,
            1685.0
        ],
        [
            1576.0,
            535.0,
            1946.0,
            1311.0,
            1149.0,
            2578.0,
            1135.0,
            2343.0,
            2603.0,
            1617.0,
            1993.0,
            1111.0,
            587.0,
            373.0,
            1390.0,
            1319.0,
            0.0,
            2278.0
        ],
        [
            823.0,
            2014.0,
            1290.0,
            3182.0,
            3131.0,
            2031.0,
            2145.0,
            832.0,
            372.0,
            2192.0,
            1839.0,
            2515.0,
            1727.0,
            2597.0,
            2130.0,
            1685.0,
            2278.0,
            0.0
        ]
    ],
    "_travel_distance_matrix": [
        [
            0,
            13,
            13,
            23,
            22,
            20,
            12,
            12,
            10,
            17,
            16,
            18,
            10,
            17,
            12,
            13,
            14,
            7
        ],
        [
            13,
            0,
            13,
            11,
            10,
            18,
            13,
            17,
            20,
            10,
            13,
            7,
            3,
            6,
            15,
            7,
            5,
            17
        ],
        [
            13,
            13,
            0,
            20,
            20,
            8,
            21,
            6,
            12,
            9,
            5,
            14,
            12,
            18,
            22,
            6,
            17,
            11
        ],
        [
            23,
            11,
            20,
            0,
            2,
            22,
            21,
            25,
            29,
            12,
            17,
            7,
            14,
            9,
            23,
            14,
            11,
            27
        ],
        [
            22,
            10,
            20,
            2,
            0,
            22,
            19,
            25,
            29,
            13,
            18,
            7,
            13,
            7,
            21,
            14,
            10,
            27
        ],
        [
            20,
            18,
            8,
            22,
            22,
            0,
            28,
            11,
            17,
            10,
            5,
            16,
            18,
            23,
            29,
            11,
            22,
            17
        ],
        [
            12,
            13,
            21,
            21,
            19,
            28,
            0,
            22,
            21,
            22,
            23,
            19,
            11,
            13,
            3,
            18,
            10,
            18
        ],
        [
            12,
            17,
            6,
            25,
            25,
            11,
            22,
            0,
            7,
            14,
            10,
            19,
            15,
            22,
            23,
            11,
            20,
            7
        ],
        [
            10,
            20,
            12,
            29,
            29,
            17,
            21,
            7,
            0,
            20,
            16,
            23,
            17,
            25,
            21,
            16,
            22,
            4
        ],
        [
            17,
            10,
            9,
            12,
            13,
            10,
            22,
            14,
            20,
            0,
            6,
            7,
            11,
            14,
            23,
            5,
            14,
            19
        ],
        [
            16,
            13,
            5,
            17,
            18,
            5,
            23,
            10,
            16,
            6,
            0,
            11,
            13,
            18,
            25,
            6,
            17,
            16
        ],
        [
            18,
            7,
            14,
            7,
            7,
            16,
            19,
            19,
            23,
            7,
            11,
            0,
            9,
            9,
            21,
            8,
            10,
            21
        ],
        [
            10,
            3,
            12,
            14,
            13,
            18,
            11,
            15,
            17,
            11,
            13,
            9,
            0,
            8,
            13,
            8,
            5,
            15
        ],
        [
            17,
            6,
            18,
            9,
            7,
            23,
            13,
            22,
            25,
            14,
            18,
            9,
            8,
            0,
            15,
            12,
            4,
            22
        ],
        [
            12,
            15,
            22,
            23,
            21,
            29,
            3,
            23,
            21,
            23,
            25,
            21,
            13,
            15,
            0,
            19,
            12,
            18
        ],
        [
            13,
            7,
            6,
            14,
            14,
            11,
            18,
            11,
            16,
            5,
            6,
            8,
            8,
            12,
            19,
            0,
            11,
            15
        ],
        [
            14,
            5,
            17,
            11,
            10,
            22,
            10,
            20,
            22,
            14,
            17,
            10,
            5,
            4,
            12,
            11,
            0,
            19
        ],
        [
            7,
            17,
            11,
            27,
            27,
            17,
            18,
            7,
            4,
            19,
            16,
            21,
            15,
            22,
            18,
            15,
            19,
            0
        ]
    ]
}