{
    "_id_": "t=euclidean+d=7+c=3+n=10+v=1+o=100+r=09",
    "meta": {
        "t": "euclidean",
        "d": 7,
        "c": 3,
        "n": 10,
        "v": 1,
        "o": 100,
        "r": 9
    },
    "num_carriers": 3,
    "max_vehicle_load": 999999999,
    "max_tour_distance": 999999999,
    "max_tour_duration": 999999999,
    "carriers_max_num_tours": 1,
    "requests": [
        0,
        1,
        2,
        3,
        4,
        5,
        6,
        7,
        8,
        9,
        10,
        11,
        12,
        13,
        14,
        15,
        16,
        17,
        18,
        19,
        20,
        21,
        22,
        23,
        24,
        25,
        26,
        27,
        28,
        29
    ],
    "num_requests": 30,
    "num_requests_per_carrier": 10,
    "vertex_x_coords": [
        19.5,
        9.000000000000002,
        8.999999999999996,
        17.058796581203588,
        5.508996819315285,
        4.397647527125759,
        23.08362495067641,
        20.493864039825052,
        12.824261380738298,
        20.606039902435285,
        18.53667630586774,
        23.185181463129176,
        19.97812821550207,
        5.788890620426687,
        12.444724212444847,
        4.608449685711993,
        11.77833072226152,
        22.96501229433858,
        22.928064313690058,
        5.453571831249699,
        18.268798409281345,
        19.926088829586615,
        7.485947390936431,
        1.7871701655849226,
        5.947659990740439,
        4.340790904385064,
        0.36186191975167425,
        12.417546044883512,
        3.192258072311943,
        0.07952773233279031,
        14.396827100924165,
        20.877558682714238,
        6.65209780028187
    ],
    "vertex_y_coords": [
        12.5,
        18.562177826491073,
        6.4378221735089305,
        1.3455254700555668,
        4.6092952674667425,
        20.30236266639434,
        6.914359944927656,
        22.247317327779648,
        6.124115026719911,
        5.344074084377387,
        15.74850511474202,
        5.797704715160471,
        12.954125921317855,
        4.147599831018614,
        14.568116015382998,
        0.37237291900580616,
        18.206083204581542,
        15.638350143386601,
        21.61725627734437,
        21.653185768456073,
        6.946632257473196,
        21.630542821093414,
        13.176052100757424,
        14.580960253776452,
        19.12409115259121,
        7.818556406269172,
        0.8137980401647343,
        11.707813360664405,
        6.439062622738096,
        9.526693695395478,
        10.682469282073754,
        15.412281285254744,
        20.275552782952076
    ],
    "request_to_carrier_assignment": [
        0,
        0,
        0,
        0,
        0,
        0,
        0,
        0,
        0,
        0,
        1,
        1,
        1,
        1,
        1,
        1,
        1,
        1,
        1,
        1,
        2,
        2,
        2,
        2,
        2,
        2,
        2,
        2,
        2,
        2
    ],
    "request_disclosure_time": [
        "0001-01-01T00:00:00",
        "0001-01-01T03:24:00",
        "0001-01-01T06:48:00",
        "0001-01-01T10:12:00",
        "0001-01-01T13:36:00",
        "0001-01-01T17:00:00",
        "0001-01-01T20:24:00",
        "0001-01-01T23:48:00",
        "0001-01-02T03:12:00",
        "0001-01-02T06:36:00",
        "0001-01-01T00:00:00",
        "0001-01-01T03:24:00",
        "0001-01-01T06:48:00",
        "0001-01-01T10:12:00",
        "0001-01-01T13:36:00",
        "0001-01-01T17:00:00",
        "0001-01-01T20:24:00",
        "0001-01-01T23:48:00",
        "0001-01-02T03:12:00",
        "0001-01-02T06:36:00",
        "0001-01-01T00:00:00",
        "0001-01-01T03:24:00",
        "0001-01-01T06:48:00",
        "0001-01-01T10:12:00",
        "0001-01-01T13:36:00",
        "0001-01-01T17:00:00",
        "0001-01-01T20:24:00",
        "0001-01-01T23:48:00",
        "0001-01-02T03:12:00",
        "0001-01-02T06:36:00"
    ],
    "vertex_revenue": [
        0,
        0,
        0,
        1,
        1,
        1,
        1,
        1,
        1,
        1,
        1,
        1,
        1,
        1,
        1,
        1,
        1,
        1,
        1,
        1,
        1,
        1,
        1,
        1,
        1,
        1,
        1,
        1,
        1,
        1,
        1,
        1,
        1
    ],
    "vertex_load": [
        0,
        0,
        0,
        1,
        1,
        1,
        1,
        1,
        1,
        1,
        1,
        1,
        1,
        1,
        1,
        1,
        1,
        1,
        1,
        1,
        1,
        1,
        1,
        1,
        1,
        1,
        1,
        1,
        1,
        1,
        1,
        1,
        1
    ],
    "vertex_service_duration": [
        0,
        0,
        0,
        240.0,
        240.0,
        240.0,
        240.0,
        240.0,
        240.0,
        240.0,
        240.0,
        240.0,
        240.0,
        240.0,
        240.0,
        240.0,
        240.0,
        240.0,
        240.0,
        240.0,
        240.0,
        240.0,
        240.0,
        240.0,
        240.0,
        240.0,
        240.0,
        240.0,
        240.0,
        240.0,
        240.0,
        240.0,
        240.0
    ],
    "tw_open": [
        "0001-01-02T10:00:00",
        "0001-01-02T10:00:00",
        "0001-01-02T10:00:00",
        "0001-01-02T10:00:00",
        "0001-01-02T10:00:00",
        "0001-01-02T10:00:00",
        "0001-01-02T10:00:00",
        "0001-01-02T10:00:00",
        "0001-01-02T10:00:00",
        "0001-01-02T10:00:00",
        "0001-01-02T10:00:00",
        "0001-01-02T10:00:00",
        "0001-01-02T10:00:00",
        "0001-01-02T10:00:00",
        "0001-01-02T10:00:00",
        "0001-01-02T10:00:00",
        "0001-01-02T10:00:00",
        "0001-01-02T10:00:00",
        "0001-01-02T10:00:00",
        "0001-01-02T10:00:00",
        "0001-01-02T10:00:00",
        "0001-01-02T10:00:00",
        "0001-01-02T10:00:00",
        "0001-01-02T10:00:00",
        "0001-01-02T10:00:00",
        "0001-01-02T10:00:00",
        "0001-01-02T10:00:00",
        "0001-01-02T10:00:00",
        "0001-01-02T10:00:00",
        "0001-01-02T10:00:00",
        "0001-01-02T10:00:00",
        "0001-01-02T10:00:00",
        "0001-01-02T10:00:00"
    ],
    "tw_close": [
        "0001-01-02T18:00:00",
        "0001-01-02T18:00:00",
        "0001-01-02T18:00:00",
        "0001-01-02T18:00:00",
        "0001-01-02T18:00:00",
        "0001-01-02T18:00:00",
        "0001-01-02T18:00:00",
        "0001-01-02T18:00:00",
        "0001-01-02T18:00:00",
        "0001-01-02T18:00:00",
        "0001-01-02T18:00:00",
        "0001-01-02T18:00:00",
        "0001-01-02T18:00:00",
        "0001-01-02T18:00:00",
        "0001-01-02T18:00:00",
        "0001-01-02T18:00:00",
        "0001-01-02T18:00:00",
        "0001-01-02T18:00:00",
        "0001-01-02T18:00:00",
        "0001-01-02T18:00:00",
        "0001-01-02T18:00:00",
        "0001-01-02T18:00:00",
        "0001-01-02T18:00:00",
        "0001-01-02T18:00:00",
        "0001-01-02T18:00:00",
        "0001-01-02T18:00:00",
        "0001-01-02T18:00:00",
        "0001-01-02T18:00:00",
        "0001-01-02T18:00:00",
        "0001-01-02T18:00:00",
        "0001-01-02T18:00:00",
        "0001-01-02T18:00:00",
        "0001-01-02T18:00:00"
    ],
    "_travel_duration_matrix": [
        [
            0.0,
            1455.0,
            1455.0,
            1371.0,
            1928.0,
            2040.0,
            797.0,
            1176.0,
            1108.0,
            869.0,
            407.0,
            918.0,
            80.0,
            1927.0,
            883.0,
            2305.0,
            1153.0,
            561.0,
            1169.0,
            2012.0,
            683.0,
            1097.0,
            1444.0,
            2141.0,
            1811.0,
            1904.0,
            2691.0,
            856.0,
            2088.0,
            2358.0,
            651.0,
            387.0,
            1803.0
        ],
        [
            1455.0,
            0.0,
            1455.0,
            2282.0,
            1726.0,
            591.0,
            2194.0,
            1449.0,
            1562.0,
            2111.0,
            1194.0,
            2290.0,
            1480.0,
            1773.0,
            633.0,
            2246.0,
            337.0,
            1713.0,
            1712.0,
            565.0,
            1784.0,
            1362.0,
            672.0,
            989.0,
            373.0,
            1406.0,
            2369.0,
            920.0,
            1614.0,
            1524.0,
            1147.0,
            1475.0,
            349.0
        ],
        [
            1455.0,
            1455.0,
            0.0,
            1144.0,
            473.0,
            1754.0,
            1692.0,
            2346.0,
            461.0,
            1399.0,
            1600.0,
            1704.0,
            1532.0,
            474.0,
            1060.0,
            899.0,
            1452.0,
            2007.0,
            2473.0,
            1875.0,
            1114.0,
            2246.0,
            829.0,
            1306.0,
            1566.0,
            584.0,
            1237.0,
            754.0,
            697.0,
            1133.0,
            824.0,
            1787.0,
            1685.0
        ],
        [
            1371.0,
            2282.0,
            1144.0,
            0.0,
            1441.0,
            2736.0,
            985.0,
            2542.0,
            767.0,
            642.0,
            1738.0,
            909.0,
            1437.0,
            1394.0,
            1681.0,
            1499.0,
            2121.0,
            1856.0,
            2533.0,
            2807.0,
            688.0,
            2459.0,
            1827.0,
            2426.0,
            2516.0,
            1713.0,
            2005.0,
            1363.0,
            1773.0,
            2262.0,
            1166.0,
            1750.0,
            2593.0
        ],
        [
            1928.0,
            1726.0,
            473.0,
            1441.0,
            0.0,
            1888.0,
            2128.0,
            2778.0,
            897.0,
            1814.0,
            2057.0,
            2126.0,
            2005.0,
            65.0,
            1457.0,
            520.0,
            1797.0,
            2478.0,
            2922.0,
            2046.0,
            1557.0,
            2677.0,
            1056.0,
            1278.0,
            1743.0,
            410.0,
            768.0,
            1189.0,
            355.0,
            880.0,
            1292.0,
            2255.0,
            1885.0
        ],
        [
            2040.0,
            591.0,
            1754.0,
            2736.0,
            1888.0,
            0.0,
            2759.0,
            1946.0,
            1980.0,
            2647.0,
            1783.0,
            2849.0,
            2068.0,
            1946.0,
            1186.0,
            2392.0,
            921.0,
            2298.0,
            2230.0,
            206.0,
            2311.0,
            1871.0,
            933.0,
            755.0,
            234.0,
            1499.0,
            2389.0,
            1411.0,
            1670.0,
            1394.0,
            1666.0,
            2063.0,
            271.0
        ],
        [
            797.0,
            2194.0,
            1692.0,
            985.0,
            2128.0,
            2759.0,
            0.0,
            1867.0,
            1235.0,
            352.0,
            1193.0,
            135.0,
            815.0,
            2102.0,
            1573.0,
            2352.0,
            1918.0,
            1047.0,
            1765.0,
            2758.0,
            578.0,
            1807.0,
            2017.0,
            2717.0,
            2525.0,
            2252.0,
            2824.0,
            1404.0,
            2388.0,
            2779.0,
            1137.0,
            1054.0,
            2542.0
        ],
        [
            1176.0,
            1449.0,
            2346.0,
            2542.0,
            2778.0,
            1946.0,
            1867.0,
            0.0,
            2143.0,
            2029.0,
            815.0,
            2001.0,
            1117.0,
            2799.0,
            1335.0,
            3245.0,
            1153.0,
            847.0,
            302.0,
            1807.0,
            1856.0,
            101.0,
            1904.0,
            2426.0,
            1786.0,
            2600.0,
            3529.0,
            1594.0,
            2813.0,
            2887.0,
            1569.0,
            822.0,
            1678.0
        ],
        [
            1108.0,
            1562.0,
            461.0,
            767.0,
            897.0,
            1980.0,
            1235.0,
            2143.0,
            0.0,
            939.0,
            1344.0,
            1244.0,
            1187.0,
            877.0,
            1015.0,
            1204.0,
            1456.0,
            1669.0,
            2220.0,
            2063.0,
            661.0,
            2047.0,
            1062.0,
            1669.0,
            1765.0,
            1039.0,
            1626.0,
            672.0,
            1157.0,
            1583.0,
            579.0,
            1476.0,
            1853.0
        ],
        [
            869.0,
            2111.0,
            1399.0,
            642.0,
            1814.0,
            2647.0,
            352.0,
            2029.0,
            939.0,
            0.0,
            1273.0,
            315.0,
            917.0,
            1784.0,
            1478.0,
            2011.0,
            1872.0,
            1268.0,
            1973.0,
            2672.0,
            341.0,
            1957.0,
            1834.0,
            2516.0,
            2415.0,
            1975.0,
            2490.0,
            1245.0,
            2094.0,
            2514.0,
            983.0,
            1209.0,
            2453.0
        ],
        [
            407.0,
            1194.0,
            1600.0,
            1738.0,
            2057.0,
            1783.0,
            1193.0,
            815.0,
            1344.0,
            1273.0,
            0.0,
            1318.0,
            378.0,
            2069.0,
            745.0,
            2490.0,
            863.0,
            532.0,
            880.0,
            1723.0,
            1057.0,
            726.0,
            1362.0,
            2015.0,
            1565.0,
            1952.0,
            2823.0,
            880.0,
            2154.0,
            2338.0,
            786.0,
            284.0,
            1527.0
        ],
        [
            918.0,
            2290.0,
            1704.0,
            909.0,
            2126.0,
            2849.0,
            135.0,
            2001.0,
            1244.0,
            315.0,
            1318.0,
            0.0,
            942.0,
            2097.0,
            1664.0,
            2323.0,
            2023.0,
            1182.0,
            1899.0,
            2855.0,
            606.0,
            1940.0,
            2082.0,
            2776.0,
            2615.0,
            2275.0,
            2804.0,
            1474.0,
            2401.0,
            2809.0,
            1207.0,
            1187.0,
            2638.0
        ],
        [
            80.0,
            1480.0,
            1532.0,
            1437.0,
            2005.0,
            2068.0,
            815.0,
            1117.0,
            1187.0,
            917.0,
            378.0,
            942.0,
            0.0,
            2004.0,
            925.0,
            2384.0,
            1169.0,
            482.0,
            1099.0,
            2032.0,
            750.0,
            1042.0,
            1500.0,
            2192.0,
            1840.0,
            1976.0,
            2769.0,
            920.0,
            2161.0,
            2423.0,
            724.0,
            315.0,
            1825.0
        ],
        [
            1927.0,
            1773.0,
            474.0,
            1394.0,
            65.0,
            1946.0,
            2102.0,
            2799.0,
            877.0,
            1784.0,
            2069.0,
            2097.0,
            2004.0,
            0.0,
            1484.0,
            475.0,
            1834.0,
            2480.0,
            2937.0,
            2102.0,
            1535.0,
            2699.0,
            1103.0,
            1341.0,
            1798.0,
            474.0,
            765.0,
            1207.0,
            416.0,
            942.0,
            1297.0,
            2260.0,
            1939.0
        ],
        [
            883.0,
            633.0,
            1060.0,
            1681.0,
            1457.0,
            1186.0,
            1573.0,
            1335.0,
            1015.0,
            1478.0,
            745.0,
            1664.0,
            925.0,
            1484.0,
            0.0,
            1946.0,
            444.0,
            1269.0,
            1516.0,
            1195.0,
            1152.0,
            1235.0,
            619.0,
            1279.0,
            953.0,
            1266.0,
            2197.0,
            344.0,
            1478.0,
            1603.0,
            522.0,
            1017.0,
            976.0
        ],
        [
            2305.0,
            2246.0,
            899.0,
            1499.0,
            520.0,
            2392.0,
            2352.0,
            3245.0,
            1204.0,
            2011.0,
            2490.0,
            2323.0,
            2384.0,
            475.0,
            1946.0,
            0.0,
            2307.0,
            2865.0,
            3367.0,
            2556.0,
            1820.0,
            3145.0,
            1575.0,
            1739.0,
            2256.0,
            895.0,
            513.0,
            1652.0,
            748.0,
            1226.0,
            1706.0,
            2659.0,
            2401.0
        ],
        [
            1153.0,
            337.0,
            1452.0,
            2121.0,
            1797.0,
            921.0,
            1918.0,
            1153.0,
            1456.0,
            1872.0,
            863.0,
            2023.0,
            1169.0,
            1834.0,
            444.0,
            2307.0,
            0.0,
            1378.0,
            1400.0,
            865.0,
            1560.0,
            1061.0,
            794.0,
            1276.0,
            709.0,
            1534.0,
            2497.0,
            784.0,
            1748.0,
            1749.0,
            956.0,
            1143.0,
            664.0
        ],
        [
            561.0,
            1713.0,
            2007.0,
            1856.0,
            2478.0,
            2298.0,
            1047.0,
            847.0,
            1669.0,
            1268.0,
            532.0,
            1182.0,
            482.0,
            2480.0,
            1269.0,
            2865.0,
            1378.0,
            0.0,
            718.0,
            2222.0,
            1186.0,
            807.0,
            1881.0,
            2545.0,
            2085.0,
            2424.0,
            3244.0,
            1351.0,
            2617.0,
            2843.0,
            1188.0,
            252.0,
            2036.0
        ],
        [
            1169.0,
            1712.0,
            2473.0,
            2533.0,
            2922.0,
            2230.0,
            1765.0,
            302.0,
            2220.0,
            1973.0,
            880.0,
            1899.0,
            1099.0,
            2937.0,
            1516.0,
            3367.0,
            1400.0,
            718.0,
            0.0,
            2097.0,
            1848.0,
            361.0,
            2112.0,
            2674.0,
            2060.0,
            2778.0,
            3684.0,
            1734.0,
            2988.0,
            3103.0,
            1665.0,
            785.0,
            1960.0
        ],
        [
            2012.0,
            565.0,
            1875.0,
            2807.0,
            2046.0,
            206.0,
            2758.0,
            1807.0,
            2063.0,
            2672.0,
            1723.0,
            2855.0,
            2032.0,
            2102.0,
            1195.0,
            2556.0,
            865.0,
            2222.0,
            2097.0,
            0.0,
            2341.0,
            1737.0,
            1047.0,
            956.0,
            310.0,
            1666.0,
            2575.0,
            1457.0,
            1846.0,
            1592.0,
            1699.0,
            1997.0,
            220.0
        ],
        [
            683.0,
            1784.0,
            1114.0,
            688.0,
            1557.0,
            2311.0,
            578.0,
            1856.0,
            661.0,
            341.0,
            1057.0,
            606.0,
            750.0,
            1535.0,
            1152.0,
            1820.0,
            1560.0,
            1186.0,
            1848.0,
            2341.0,
            0.0,
            1774.0,
            1495.0,
            2180.0,
            2079.0,
            1675.0,
            2272.0,
            906.0,
            1811.0,
            2205.0,
            646.0,
            1064.0,
            2122.0
        ],
        [
            1097.0,
            1362.0,
            2246.0,
            2459.0,
            2677.0,
            1871.0,
            1807.0,
            101.0,
            2047.0,
            1957.0,
            726.0,
            1940.0,
            1042.0,
            2699.0,
            1235.0,
            3145.0,
            1061.0,
            807.0,
            361.0,
            1737.0,
            1774.0,
            0.0,
            1805.0,
            2336.0,
            1705.0,
            2499.0,
            3429.0,
            1494.0,
            2713.0,
            2790.0,
            1472.0,
            755.0,
            1602.0
        ],
        [
            1444.0,
            672.0,
            829.0,
            1827.0,
            1056.0,
            933.0,
            2017.0,
            1904.0,
            1062.0,
            1834.0,
            1362.0,
            2082.0,
            1500.0,
            1103.0,
            619.0,
            1575.0,
            794.0,
            1881.0,
            2112.0,
            1047.0,
            1495.0,
            1805.0,
            0.0,
            705.0,
            738.0,
            746.0,
            1713.0,
            618.0,
            959.0,
            991.0,
            882.0,
            1630.0,
            858.0
        ],
        [
            2141.0,
            989.0,
            1306.0,
            2426.0,
            1278.0,
            755.0,
            2717.0,
            2426.0,
            1669.0,
            2516.0,
            2015.0,
            2776.0,
            2192.0,
            1341.0,
            1279.0,
            1739.0,
            1276.0,
            2545.0,
            2674.0,
            956.0,
            2180.0,
            2336.0,
            705.0,
            0.0,
            740.0,
            868.0,
            1661.0,
            1322.0,
            992.0,
            641.0,
            1584.0,
            2294.0,
            899.0
        ],
        [
            1811.0,
            373.0,
            1566.0,
            2516.0,
            1743.0,
            234.0,
            2525.0,
            1786.0,
            1765.0,
            2415.0,
            1565.0,
            2615.0,
            1840.0,
            1798.0,
            953.0,
            2256.0,
            709.0,
            2085.0,
            2060.0,
            310.0,
            2079.0,
            1705.0,
            738.0,
            740.0,
            0.0,
            1371.0,
            2298.0,
            1182.0,
            1558.0,
            1350.0,
            1434.0,
            1847.0,
            162.0
        ],
        [
            1904.0,
            1406.0,
            584.0,
            1713.0,
            410.0,
            1499.0,
            2252.0,
            2600.0,
            1039.0,
            1975.0,
            1952.0,
            2275.0,
            1976.0,
            474.0,
            1266.0,
            895.0,
            1534.0,
            2424.0,
            2778.0,
            1666.0,
            1675.0,
            2499.0,
            746.0,
            868.0,
            1371.0,
            0.0,
            967.0,
            1076.0,
            216.0,
            551.0,
            1255.0,
            2184.0,
            1521.0
        ],
        [
            2691.0,
            2369.0,
            1237.0,
            2005.0,
            768.0,
            2389.0,
            2824.0,
            3529.0,
            1626.0,
            2490.0,
            2823.0,
            2804.0,
            2769.0,
            765.0,
            2197.0,
            513.0,
            2497.0,
            3244.0,
            3684.0,
            2575.0,
            2272.0,
            3429.0,
            1713.0,
            1661.0,
            2298.0,
            967.0,
            0.0,
            1950.0,
            756.0,
            1047.0,
            2059.0,
            3022.0,
            2455.0
        ],
        [
            856.0,
            920.0,
            754.0,
            1363.0,
            1189.0,
            1411.0,
            1404.0,
            1594.0,
            672.0,
            1245.0,
            880.0,
            1474.0,
            920.0,
            1207.0,
            344.0,
            1652.0,
            784.0,
            1351.0,
            1734.0,
            1457.0,
            906.0,
            1494.0,
            618.0,
            1322.0,
            1182.0,
            1076.0,
            1950.0,
            0.0,
            1275.0,
            1504.0,
            268.0,
            1109.0,
            1240.0
        ],
        [
            2088.0,
            1614.0,
            697.0,
            1773.0,
            355.0,
            1670.0,
            2388.0,
            2813.0,
            1157.0,
            2094.0,
            2154.0,
            2401.0,
            2161.0,
            416.0,
            1478.0,
            748.0,
            1748.0,
            2617.0,
            2988.0,
            1846.0,
            1811.0,
            2713.0,
            959.0,
            992.0,
            1558.0,
            216.0,
            756.0,
            1275.0,
            0.0,
            527.0,
            1438.0,
            2380.0,
            1712.0
        ],
        [
            2358.0,
            1524.0,
            1133.0,
            2262.0,
            880.0,
            1394.0,
            2779.0,
            2887.0,
            1583.0,
            2514.0,
            2338.0,
            2809.0,
            2423.0,
            942.0,
            1603.0,
            1226.0,
            1749.0,
            2843.0,
            3103.0,
            1592.0,
            2205.0,
            2790.0,
            991.0,
            641.0,
            1350.0,
            551.0,
            1047.0,
            1504.0,
            527.0,
            0.0,
            1724.0,
            2594.0,
            1512.0
        ],
        [
            651.0,
            1147.0,
            824.0,
            1166.0,
            1292.0,
            1666.0,
            1137.0,
            1569.0,
            579.0,
            983.0,
            786.0,
            1207.0,
            724.0,
            1297.0,
            522.0,
            1706.0,
            956.0,
            1188.0,
            1665.0,
            1699.0,
            646.0,
            1472.0,
            882.0,
            1584.0,
            1434.0,
            1255.0,
            2059.0,
            268.0,
            1438.0,
            1724.0,
            0.0,
            963.0,
            1480.0
        ],
        [
            387.0,
            1475.0,
            1787.0,
            1750.0,
            2255.0,
            2063.0,
            1054.0,
            822.0,
            1476.0,
            1209.0,
            284.0,
            1187.0,
            315.0,
            2260.0,
            1017.0,
            2659.0,
            1143.0,
            252.0,
            785.0,
            1997.0,
            1064.0,
            755.0,
            1630.0,
            2294.0,
            1847.0,
            2184.0,
            3022.0,
            1109.0,
            2380.0,
            2594.0,
            963.0,
            0.0,
            1805.0
        ],
        [
            1803.0,
            349.0,
            1685.0,
            2593.0,
            1885.0,
            271.0,
            2542.0,
            1678.0,
            1853.0,
            2453.0,
            1527.0,
            2638.0,
            1825.0,
            1939.0,
            976.0,
            2401.0,
            664.0,
            2036.0,
            1960.0,
            220.0,
            2122.0,
            1602.0,
            858.0,
            899.0,
            162.0,
            1521.0,
            2455.0,
            1240.0,
            1712.0,
            1512.0,
            1480.0,
            1805.0,
            0.0
        ]
    ],
    "_travel_distance_matrix": [
        [
            0,
            13,
            13,
            12,
            17,
            17,
            7,
            10,
            10,
            8,
            4,
            8,
            1,
            17,
            8,
            20,
            10,
            5,
            10,
            17,
            6,
            10,
            13,
            18,
            16,
            16,
            23,
            8,
            18,
            20,
            6,
            4,
            16
        ],
        [
            13,
            0,
            13,
            20,
            15,
            5,
            19,
            13,
            14,
            18,
            10,
            20,
            13,
            15,
            6,
            19,
            3,
            15,
            15,
            5,
            15,
            12,
            6,
            9,
            4,
            12,
            20,
            8,
            14,
            13,
            10,
            13,
            3
        ],
        [
            13,
            13,
            0,
            10,
            4,
            15,
            15,
            20,
            4,
            12,
            14,
            15,
            13,
            4,
            9,
            8,
            13,
            17,
            21,
            16,
            10,
            19,
            7,
            11,
            14,
            5,
            11,
            7,
            6,
            10,
            7,
            15,
            15
        ],
        [
            12,
            20,
            10,
            0,
            13,
            23,
            9,
            22,
            7,
            6,
            15,
            8,
            12,
            12,
            15,
            13,
            18,
            16,
            22,
            24,
            6,
            21,
            16,
            21,
            21,
            15,
            17,
            12,
            15,
            19,
            10,
            15,
            22
        ],
        [
            17,
            15,
            4,
            13,
            0,
            16,
            18,
            24,
            8,
            16,
            18,
            18,
            17,
            1,
            13,
            5,
            15,
            21,
            25,
            18,
            13,
            23,
            9,
            11,
            15,
            4,
            7,
            10,
            3,
            8,
            11,
            19,
            16
        ],
        [
            17,
            5,
            15,
            23,
            16,
            0,
            23,
            17,
            17,
            23,
            15,
            24,
            18,
            17,
            10,
            20,
            8,
            20,
            19,
            2,
            20,
            16,
            8,
            7,
            2,
            13,
            20,
            12,
            14,
            12,
            14,
            18,
            3
        ],
        [
            7,
            19,
            15,
            9,
            18,
            23,
            0,
            16,
            11,
            3,
            10,
            2,
            7,
            18,
            14,
            20,
            16,
            9,
            15,
            23,
            5,
            16,
            17,
            23,
            22,
            19,
            24,
            12,
            20,
            24,
            10,
            9,
            22
        ],
        [
            10,
            13,
            20,
            22,
            24,
            17,
            16,
            0,
            18,
            17,
            7,
            17,
            10,
            24,
            12,
            28,
            10,
            8,
            3,
            16,
            16,
            1,
            16,
            21,
            15,
            22,
            30,
            14,
            24,
            25,
            14,
            7,
            14
        ],
        [
            10,
            14,
            4,
            7,
            8,
            17,
            11,
            18,
            0,
            8,
            12,
            11,
            10,
            8,
            9,
            11,
            13,
            14,
            19,
            18,
            6,
            18,
            9,
            14,
            15,
            9,
            14,
            6,
            10,
            14,
            5,
            13,
            16
        ],
        [
            8,
            18,
            12,
            6,
            16,
            23,
            3,
            17,
            8,
            0,
            11,
            3,
            8,
            15,
            13,
            17,
            16,
            11,
            17,
            23,
            3,
            17,
            16,
            21,
            21,
            17,
            21,
            11,
            18,
            21,
            9,
            11,
            21
        ],
        [
            4,
            10,
            14,
            15,
            18,
            15,
            10,
            7,
            12,
            11,
            0,
            11,
            4,
            18,
            7,
            21,
            8,
            5,
            8,
            15,
            9,
            7,
            12,
            17,
            14,
            17,
            24,
            8,
            18,
            20,
            7,
            3,
            13
        ],
        [
            8,
            20,
            15,
            8,
            18,
            24,
            2,
            17,
            11,
            3,
            11,
            0,
            8,
            18,
            14,
            20,
            17,
            10,
            16,
            24,
            6,
            17,
            18,
            24,
            22,
            19,
            24,
            13,
            21,
            24,
            11,
            10,
            22
        ],
        [
            1,
            13,
            13,
            12,
            17,
            18,
            7,
            10,
            10,
            8,
            4,
            8,
            0,
            17,
            8,
            20,
            10,
            5,
            10,
            17,
            7,
            9,
            13,
            19,
            16,
            17,
            24,
            8,
            19,
            21,
            7,
            3,
            16
        ],
        [
            17,
            15,
            4,
            12,
            1,
            17,
            18,
            24,
            8,
            15,
            18,
            18,
            17,
            0,
            13,
            4,
            16,
            21,
            25,
            18,
            13,
            23,
            10,
            12,
            15,
            4,
            7,
            11,
            4,
            8,
            11,
            19,
            17
        ],
        [
            8,
            6,
            9,
            15,
            13,
            10,
            14,
            12,
            9,
            13,
            7,
            14,
            8,
            13,
            0,
            17,
            4,
            11,
            13,
            10,
            10,
            11,
            6,
            11,
            8,
            11,
            19,
            3,
            13,
            14,
            5,
            9,
            9
        ],
        [
            20,
            19,
            8,
            13,
            5,
            20,
            20,
            28,
            11,
            17,
            21,
            20,
            20,
            4,
            17,
            0,
            20,
            24,
            29,
            22,
            16,
            27,
            14,
            15,
            19,
            8,
            5,
            14,
            7,
            11,
            15,
            23,
            21
        ],
        [
            10,
            3,
            13,
            18,
            15,
            8,
            16,
            10,
            13,
            16,
            8,
            17,
            10,
            16,
            4,
            20,
            0,
            12,
            12,
            8,
            13,
            9,
            7,
            11,
            6,
            13,
            21,
            7,
            15,
            15,
            8,
            10,
            6
        ],
        [
            5,
            15,
            17,
            16,
            21,
            20,
            9,
            8,
            14,
            11,
            5,
            10,
            5,
            21,
            11,
            24,
            12,
            0,
            6,
            19,
            10,
            7,
            16,
            22,
            18,
            21,
            28,
            12,
            22,
            24,
            10,
            3,
            17
        ],
        [
            10,
            15,
            21,
            22,
            25,
            19,
            15,
            3,
            19,
            17,
            8,
            16,
            10,
            25,
            13,
            29,
            12,
            6,
            0,
            18,
            16,
            4,
            18,
            23,
            18,
            24,
            31,
            15,
            25,
            26,
            14,
            7,
            17
        ],
        [
            17,
            5,
            16,
            24,
            18,
            2,
            23,
            16,
            18,
            23,
            15,
            24,
            17,
            18,
