{
    "_id_": "t=euclidean+d=7+c=3+n=10+v=1+o=100+r=11",
    "meta": {
        "t": "euclidean",
        "d": 7,
        "c": 3,
        "n": 10,
        "v": 1,
        "o": 100,
        "r": 11
    },
    "num_carriers": 3,
    "max_vehicle_load": 999999999,
    "max_tour_distance": 999999999,
    "max_tour_duration": 999999999,
    "carriers_max_num_tours": 1,
    "requests": [
        0,
        1,
        2,
        3,
        4,
        5,
        6,
        7,
        8,
        9,
        10,
        11,
        12,
        13,
        14,
        15,
        16,
        17,
        18,
        19,
        20,
        21,
        22,
        23,
        24,
        25,
        26,
        27,
        28,
        29
    ],
    "num_requests": 30,
    "num_requests_per_carrier": 10,
    "vertex_x_coords": [
        19.5,
        9.000000000000002,
        8.999999999999996,
        21.293737090021825,
        9.754044401534351,
        2.5186573825282608,
        19.658696974184522,
        8.053690092048624,
        15.260178411000695,
        5.506919604600691,
        6.965636906671923,
        6.775921139794786,
        16.527491821718904,
        6.35303047790581,
        0.6381570170681805,
        10.476593580131697,
        19.782457051623716,
        21.387283016100064,
        22.59244449351612,
        17.56221228576939,
        19.993921141401035,
        18.085287917795068,
        24.48012763382459,
        7.960776995789506,
        4.76845334343495,
        7.8398638314997715,
        16.900569723835996,
        20.18429427396594,
        16.35562454979631,
        24.40450916846141,
        12.020215416610519,
        19.285247587588316,
        0.09850996207133866
    ],
    "vertex_y_coords": [
        12.5,
        18.562177826491073,
        6.4378221735089305,
        12.341249373884605,
        4.490189427191043,
        19.50599986725421,
        21.777362071276997,
        2.9710969530988423,
        18.34224530443701,
        19.706919599857954,
        1.3609091264448563,
        0.04989019786639515,
        19.058266561388816,
        2.164961613927041,
        11.161917426840276,
        0.7367839679772364,
        11.69818049955965,
        14.682197174130456,
        19.9110242596631,
        16.01401816936812,
        12.355545289532893,
        6.551160444353238,
        19.972182055965742,
        23.313648506397147,
        10.685519884787222,
        2.4206612442144144,
        1.6601124490768004,
        15.32283185208015,
        0.47145475531159,
        24.021579501931527,
        22.20357139004134,
        20.87957814416979,
        3.6912711506934928
    ],
    "request_to_carrier_assignment": [
        0,
        0,
        0,
        0,
        0,
        0,
        0,
        0,
        0,
        0,
        1,
        1,
        1,
        1,
        1,
        1,
        1,
        1,
        1,
        1,
        2,
        2,
        2,
        2,
        2,
        2,
        2,
        2,
        2,
        2
    ],
    "request_disclosure_time": [
        "0001-01-01T00:00:00",
        "0001-01-01T03:24:00",
        "0001-01-01T06:48:00",
        "0001-01-01T10:12:00",
        "0001-01-01T13:36:00",
        "0001-01-01T17:00:00",
        "0001-01-01T20:24:00",
        "0001-01-01T23:48:00",
        "0001-01-02T03:12:00",
        "0001-01-02T06:36:00",
        "0001-01-01T00:00:00",
        "0001-01-01T03:24:00",
        "0001-01-01T06:48:00",
        "0001-01-01T10:12:00",
        "0001-01-01T13:36:00",
        "0001-01-01T17:00:00",
        "0001-01-01T20:24:00",
        "0001-01-01T23:48:00",
        "0001-01-02T03:12:00",
        "0001-01-02T06:36:00",
        "0001-01-01T00:00:00",
        "0001-01-01T03:24:00",
        "0001-01-01T06:48:00",
        "0001-01-01T10:12:00",
        "0001-01-01T13:36:00",
        "0001-01-01T17:00:00",
        "0001-01-01T20:24:00",
        "0001-01-01T23:48:00",
        "0001-01-02T03:12:00",
        "0001-01-02T06:36:00"
    ],
    "vertex_revenue": [
        0,
        0,
        0,
        1,
        1,
        1,
        1,
        1,
        1,
        1,
        1,
        1,
        1,
        1,
        1,
        1,
        1,
        1,
        1,
        1,
        1,
        1,
        1,
        1,
        1,
        1,
        1,
        1,
        1,
        1,
        1,
        1,
        1
    ],
    "vertex_load": [
        0,
        0,
        0,
        1,
        1,
        1,
        1,
        1,
        1,
        1,
        1,
        1,
        1,
        1,
        1,
        1,
        1,
        1,
        1,
        1,
        1,
        1,
        1,
        1,
        1,
        1,
        1,
        1,
        1,
        1,
        1,
        1,
        1
    ],
    "vertex_service_duration": [
        0,
        0,
        0,
        240.0,
        240.0,
        240.0,
        240.0,
        240.0,
        240.0,
        240.0,
        240.0,
        240.0,
        240.0,
        240.0,
        240.0,
        240.0,
        240.0,
        240.0,
        240.0,
        240.0,
        240.0,
        240.0,
        240.0,
        240.0,
        240.0,
        240.0,
        240.0,
        240.0,
        240.0,
        240.0,
        240.0,
        240.0,
        240.0
    ],
    "tw_open": [
        "0001-01-02T10:00:00",
        "0001-01-02T10:00:00",
        "0001-01-02T10:00:00",
        "0001-01-02T10:00:00",
        "0001-01-02T10:00:00",
        "0001-01-02T10:00:00",
        "0001-01-02T10:00:00",
        "0001-01-02T10:00:00",
        "0001-01-02T10:00:00",
        "0001-01-02T10:00:00",
        "0001-01-02T10:00:00",
        "0001-01-02T10:00:00",
        "0001-01-02T10:00:00",
        "0001-01-02T10:00:00",
        "0001-01-02T10:00:00",
        "0001-01-02T10:00:00",
        "0001-01-02T10:00:00",
        "0001-01-02T10:00:00",
        "0001-01-02T10:00:00",
        "0001-01-02T10:00:00",
        "0001-01-02T10:00:00",
        "0001-01-02T10:00:00",
        "0001-01-02T10:00:00",
        "0001-01-02T10:00:00",
        "0001-01-02T10:00:00",
        "0001-01-02T10:00:00",
        "0001-01-02T10:00:00",
        "0001-01-02T10:00:00",
        "0001-01-02T10:00:00",
        "0001-01-02T10:00:00",
        "0001-01-02T10:00:00",
        "0001-01-02T10:00:00",
        "0001-01-02T10:00:00"
    ],
    "tw_close": [
        "0001-01-02T18:00:00",
        "0001-01-02T18:00:00",
        "0001-01-02T18:00:00",
        "0001-01-02T18:00:00",
        "0001-01-02T18:00:00",
        "0001-01-02T18:00:00",
        "0001-01-02T18:00:00",
        "0001-01-02T18:00:00",
        "0001-01-02T18:00:00",
        "0001-01-02T18:00:00",
        "0001-01-02T18:00:00",
        "0001-01-02T18:00:00",
        "0001-01-02T18:00:00",
        "0001-01-02T18:00:00",
        "0001-01-02T18:00:00",
        "0001-01-02T18:00:00",
        "0001-01-02T18:00:00",
        "0001-01-02T18:00:00",
        "0001-01-02T18:00:00",
        "0001-01-02T18:00:00",
        "0001-01-02T18:00:00",
        "0001-01-02T18:00:00",
        "0001-01-02T18:00:00",
        "0001-01-02T18:00:00",
        "0001-01-02T18:00:00",
        "0001-01-02T18:00:00",
        "0001-01-02T18:00:00",
        "0001-01-02T18:00:00",
        "0001-01-02T18:00:00",
        "0001-01-02T18:00:00",
        "0001-01-02T18:00:00",
        "0001-01-02T18:00:00",
        "0001-01-02T18:00:00"
    ],
    "_travel_duration_matrix": [
        [
            0.0,
            1455.0,
            1455.0,
            217.0,
            1514.0,
            2205.0,
            1114.0,
            1788.0,
            867.0,
            1889.0,
            2013.0,
            2137.0,
            865.0,
            2007.0,
            2270.0,
            1780.0,
            103.0,
            347.0,
            964.0,
            482.0,
            62.0,
            734.0,
            1078.0,
            1898.0,
            1782.0,
            1850.0,
            1338.0,
            349.0,
            1492.0,
            1503.0,
            1471.0,
            1006.0,
            2557.0
        ],
        [
            1455.0,
            0.0,
            1455.0,
            1654.0,
            1692.0,
            786.0,
            1336.0,
            1875.0,
            752.0,
            442.0,
            2079.0,
            2238.0,
            906.0,
            1994.0,
            1340.0,
            2147.0,
            1534.0,
            1558.0,
            1640.0,
            1073.0,
            1515.0,
            1808.0,
            1866.0,
            584.0,
            1073.0,
            1942.0,
            2239.0,
            1398.0,
            2344.0,
            1962.0,
            568.0,
            1266.0,
            2080.0
        ],
        [
            1455.0,
            1455.0,
            0.0,
            1637.0,
            251.0,
            1751.0,
            2242.0,
            432.0,
            1615.0,
            1647.0,
            657.0,
            812.0,
            1764.0,
            604.0,
            1153.0,
            707.0,
            1440.0,
            1786.0,
            2297.0,
            1542.0,
            1499.0,
            1091.0,
            2468.0,
            2029.0,
            720.0,
            502.0,
            1108.0,
            1715.0,
            1137.0,
            2806.0,
            1927.0,
            2128.0,
            1118.0
        ],
        [
            217.0,
            1654.0,
            1637.0,
            0.0,
            1675.0,
            2412.0,
            1150.0,
            1947.0,
            1022.0,
            2091.0,
            2167.0,
            2283.0,
            989.0,
            2170.0,
            2483.0,
            1904.0,
            198.0,
            282.0,
            922.0,
            629.0,
            156.0,
            795.0,
            993.0,
            2073.0,
            1993.0,
            2006.0,
            1386.0,
            382.0,
            1543.0,
            1451.0,
            1625.0,
            1053.0,
            2748.0
        ],
        [
            1514.0,
            1692.0,
            251.0,
            1675.0,
            0.0,
            2001.0,
            2391.0,
            274.0,
            1789.0,
            1896.0,
            503.0,
            642.0,
            1928.0,
            495.0,
            1356.0,
            459.0,
            1483.0,
            1856.0,
            2408.0,
            1671.0,
            1550.0,
            1030.0,
            2565.0,
            2270.0,
            955.0,
            339.0,
            923.0,
            1805.0,
            928.0,
            2930.0,
            2143.0,
            2276.0,
            1163.0
        ],
        [
            2205.0,
            786.0,
            1751.0,
            2412.0,
            2001.0,
            0.0,
            2075.0,
            2093.0,
            1536.0,
            360.0,
            2242.0,
            2390.0,
            1682.0,
            2132.0,
            1027.0,
            2447.0,
            2274.0,
            2338.0,
            2410.0,
            1854.0,
            2266.0,
            2431.0,
            2636.0,
            798.0,
            1093.0,
            2148.0,
            2751.0,
            2179.0,
            2824.0,
            2682.0,
            1186.0,
            2019.0,
            1920.0
        ],
        [
            1114.0,
            1336.0,
            2242.0,
            1150.0,
            2391.0,
            2075.0,
            0.0,
            2652.0,
            670.0,
            1717.0,
            2885.0,
            3032.0,
            498.0,
            2844.0,
            2614.0,
            2755.0,
            1210.0,
            877.0,
            418.0,
            736.0,
            1132.0,
            1837.0,
            618.0,
            1416.0,
            2229.0,
            2722.0,
            2437.0,
            778.0,
            2588.0,
            630.0,
            919.0,
            117.0,
            3197.0
        ],
        [
            1788.0,
            1875.0,
            432.0,
            1947.0,
            274.0,
            2093.0,
            2652.0,
            0.0,
            2038.0,
            2032.0,
            234.0,
            383.0,
            2182.0,
            226.0,
            1326.0,
            396.0,
            1755.0,
            2130.0,
            2679.0,
            1937.0,
            1823.0,
            1279.0,
            2837.0,
            2442.0,
            1007.0,
            71.0,
            1074.0,
            2078.0,
            1041.0,
            3199.0,
            2357.0,
            2537.0,
            959.0
        ],
        [
            867.0,
            752.0,
            1615.0,
            1022.0,
            1789.0,
            1536.0,
            670.0,
            2038.0,
            0.0,
            1182.0,
            2268.0,
            2420.0,
            175.0,
            2217.0,
            1955.0,
            2190.0,
            965.0,
            857.0,
            900.0,
            393.0,
            916.0,
            1455.0,
            1124.0,
            1060.0,
            1559.0,
            2108.0,
            2012.0,
            694.0,
            2149.0,
            1292.0,
            605.0,
            571.0,
            2531.0
        ],
        [
            1889.0,
            442.0,
            1647.0,
            2091.0,
            1896.0,
            360.0,
            1717.0,
            2032.0,
            1182.0,
            0.0,
            2209.0,
            2364.0,
            1325.0,
            2108.0,
            1181.0,
            2354.0,
            1965.0,
            1999.0,
            2051.0,
            1513.0,
            1950.0,
            2185.0,
            2278.0,
            524.0,
            1087.0,
            2094.0,
            2562.0,
            1839.0,
            2651.0,
            2327.0,
            838.0,
            1660.0,
            2029.0
        ],
        [
            2013.0,
            2079.0,
            657.0,
            2167.0,
            503.0,
            2242.0,
            2885.0,
            234.0,
            2268.0,
            2209.0,
            0.0,
            159.0,
            2414.0,
            122.0,
            1400.0,
            428.0,
            1976.0,
            2356.0,
            2911.0,
            2170.0,
            2046.0,
            1473.0,
            3067.0,
            2638.0,
            1150.0,
            165.0,
            1193.0,
            2308.0,
            1132.0,
            3432.0,
            2574.0,
            2770.0,
            871.0
        ],
        [
            2137.0,
            2238.0,
            812.0,
            2283.0,
            642.0,
            2390.0,
            3032.0,
            383.0,
            2420.0,
            2364.0,
            159.0,
            0.0,
            2564.0,
            259.0,
            1524.0,
            452.0,
            2096.0,
            2482.0,
            3047.0,
            2312.0,
            2168.0,
            1566.0,
            3199.0,
            2796.0,
            1299.0,
            312.0,
            1231.0,
            2439.0,
            1151.0,
            3571.0,
            2732.0,
            2916.0,
            913.0
        ],
        [
            865.0,
            906.0,
            1764.0,
            989.0,
            1928.0,
            1682.0,
            498.0,
            2182.0,
            175.0,
            1325.0,
            2414.0,
            2564.0,
            0.0,
            2367.0,
            2130.0,
            2316.0,
            966.0,
            785.0,
            735.0,
            386.0,
            906.0,
            1513.0,
            961.0,
            1148.0,
            1733.0,
            2253.0,
            2089.0,
            628.0,
            2231.0,
            1118.0,
            660.0,
            397.0,
            2700.0
        ],
        [
            2007.0,
            1994.0,
            604.0,
            2170.0,
            495.0,
            2132.0,
            2844.0,
            226.0,
            2217.0,
            2108.0,
            122.0,
            259.0,
            2367.0,
            0.0,
            1280.0,
            524.0,
            1977.0,
            2348.0,
            2887.0,
            2139.0,
            2044.0,
            1504.0,
            3050.0,
            2546.0,
            1040.0,
            182.0,
            1268.0,
            2291.0,
            1218.0,
            3402.0,
            2499.0,
            2730.0,
            773.0
        ],
        [
            2270.0,
            1340.0,
            1153.0,
            2483.0,
            1356.0,
            1027.0,
            2614.0,
            1326.0,
            1955.0,
            1181.0,
            1400.0,
            1524.0,
            2130.0,
            1280.0,
            0.0,
            1721.0,
            2299.0,
            2526.0,
            2837.0,
            2113.0,
            2328.0,
            2166.0,
            3051.0,
            1703.0,
            499.0,
            1360.0,
            2261.0,
            2399.0,
            2282.0,
            3243.0,
            1903.0,
            2524.0,
            899.0
        ],
        [
            1780.0,
            2147.0,
            707.0,
            1904.0,
            459.0,
            2447.0,
            2755.0,
            396.0,
            2190.0,
            2354.0,
            428.0,
            452.0,
            2316.0,
            524.0,
            1721.0,
            0.0,
            1726.0,
            2125.0,
            2722.0,
            2021.0,
            1803.0,
            1150.0,
            2856.0,
            2726.0,
            1377.0,
            376.0,
            779.0,
            2103.0,
            707.0,
            3256.0,
            2583.0,
            2639.0,
            1295.0
        ],
        [
            103.0,
            1534.0,
            1440.0,
            198.0,
            1483.0,
            2274.0,
            1210.0,
            1755.0,
            965.0,
            1965.0,
            1976.0,
            2096.0,
            966.0,
            1977.0,
            2299.0,
            1726.0,
            0.0,
            407.0,
            1042.0,
            583.0,
            83.0,
            651.0,
            1142.0,
            1989.0,
            1806.0,
            1815.0,
            1254.0,
            438.0,
            1409.0,
            1580.0,
            1568.0,
            1104.0,
            2551.0
        ],
        [
            347.0,
            1558.0,
            1786.0,
            282.0,
            1856.0,
            2338.0,
            877.0,
            2130.0,
            857.0,
            1999.0,
            2356.0,
            2482.0,
            785.0,
            2348.0,
            2526.0,
            2125.0,
            407.0,
            0.0,
            644.0,
            487.0,
            326.0,
            1054.0,
            736.0,
            1916.0,
            2052.0,
            2193.0,
            1653.0,
            164.0,
            1810.0,
            1178.0,
            1442.0,
            786.0,
            2876.0
        ],
        [
            964.0,
            1640.0,
            2297.0,
            922.0,
            2408.0,
            2410.0,
            418.0,
            2679.0,
            900.0,
            2051.0,
            2911.0,
            3047.0,
            735.0,
            2887.0,
            2837.0,
            2722.0,
            1042.0,
            644.0,
            0.0,
            764.0,
            959.0,
            1692.0,
            227.0,
            1803.0,
            2409.0,
            2746.0,
            2295.0,
            622.0,
            2450.0,
            540.0,
            1299.0,
            414.0,
            3328.0
        ],
        [
            482.0,
            1073.0,
            1542.0,
            629.0,
            1671.0,
            1854.0,
            736.0,
            1937.0,
            393.0,
            1513.0,
            2170.0,
            2312.0,
            386.0,
            2139.0,
            2113.0,
            2021.0,
            583.0,
            487.0,
            764.0,
            0.0,
            528.0,
            1138.0,
            957.0,
            1448.0,
            1664.0,
            2006.0,
            1725.0,
            326.0,
            1871.0,
            1264.0,
            997.0,
            620.0,
            2565.0
        ],
        [
            62.0,
            1515.0,
            1499.0,
            156.0,
            1550.0,
            2266.0,
            1132.0,
            1823.0,
            916.0,
            1950.0,
            2046.0,
            2168.0,
            906.0,
            2044.0,
            2328.0,
            1803.0,
            83.0,
            326.0,
            959.0,
            528.0,
            0.0,
            734.0,
            1061.0,
            1954.0,
            1839.0,
            1884.0,
            1337.0,
            357.0,
            1492.0,
            1497.0,
            1521.0,
            1027.0,
            2605.0
        ],
        [
            734.0,
            1808.0,
            1091.0,
            795.0,
            1030.0,
            2431.0,
            1837.0,
            1279.0,
            1455.0,
            2185.0,
            1473.0,
            1566.0,
            1513.0,
            1504.0,
            2166.0,
            1150.0,
            651.0,
            1054.0,
            1692.0,
            1138.0,
            734.0,
            0.0,
            1785.0,
            2350.0,
            1674.0,
            1326.0,
            604.0,
            1083.0,
            759.0,
            2230.0,
            2015.0,
            1726.0,
            2186.0
        ],
        [
            1078.0,
            1866.0,
            2468.0,
            993.0,
            2565.0,
            2636.0,
            618.0,
            2837.0,
            1124.0,
            2278.0,
            3067.0,
            3199.0,
            961.0,
            3050.0,
            3051.0,
            2856.0,
            1142.0,
            736.0,
            227.0,
            957.0,
            1061.0,
            1785.0,
            0.0,
            2023.0,
            2615.0,
            2903.0,
            2379.0,
            760.0,
            2536.0,
            487.0,
            1519.0,
            633.0,
            3519.0
        ],
        [
            1898.0,
            584.0,
            2029.0,
            2073.0,
            2270.0,
            798.0,
            1416.0,
            2442.0,
            1060.0,
            524.0,
            2638.0,
            2796.0,
            1148.0,
            2546.0,
            1703.0,
            2726.0,
            1989.0,
            1916.0,
            1803.0,
            1448.0,
            1954.0,
            2350.0,
            2023.0,
            0.0,
            1564.0,
            2508.0,
            2812.0,
            1753.0,
            2921.0,
            1976.0,
            506.0,
            1390.0,
            2537.0
        ],
        [
            1782.0,
            1073.0,
            720.0,
            1993.0,
            955.0,
            1093.0,
            2229.0,
            1007.0,
            1559.0,
            1087.0,
            1150.0,
            1299.0,
            1733.0,
            1040.0,
            499.0,
            1377.0,
            1806.0,
            2052.0,
            2409.0,
            1664.0,
            1839.0,
            1674.0,
            2615.0,
            1564.0,
            0.0,
            1059.0,
            1815.0,
            1932.0,
            1854.0,
            2849.0,
            1634.0,
            2129.0,
            1010.0
        ],
        [
            1850.0,
            1942.0,
            502.0,
            2006.0,
            339.0,
            2148.0,
            2722.0,
            71.0,
            2108.0,
            2094.0,
            165.0,
            312.0,
            2253.0,
            182.0,
            1360.0,
            376.0,
            1815.0,
            2193.0,
            2746.0,
            2006.0,
            1884.0,
            1326.0,
            2903.0,
            2508.0,
            1059.0,
            0.0,
            1092.0,
            2143.0,
            1049.0,
            3267.0,
            2427.0,
            2607.0,
            942.0
        ],
        [
            1338.0,
            2239.0,
            1108.0,
            1386.0,
            923.0,
            2751.0,
            2437.0,
            1074.0,
            2012.0,
            2562.0,
            1193.0,
            1231.0,
            2089.0,
            1268.0,
            2261.0,
            779.0,
            1254.0,
            1653.0,
            2295.0,
            1725.0,
            1337.0,
            604.0,
            2379.0,
            2812.0,
            1815.0,
            1092.0,
            0.0,
            1687.0,
            157.0,
            2831.0,
            2534.0,
            2325.0,
            2031.0
        ],
        [
            349.0,
            1398.0,
            1715.0,
            382.0,
            1805.0,
            2179.0,
            778.0,
            2078.0,
            694.0,
            1839.0,
            2308.0,
            2439.0,
            628.0,
            2291.0,
            2399.0,
            2103.0,
            438.0,
            164.0,
            622.0,
            326.0,
            357.0,
            1083.0,
            760.0,
            1753.0,
            1932.0,
            2143.0,
            1687.0,
            0.0,
            1841.0,
            1161.0,
            1282.0,
            676.0,
            2786.0
        ],
        [
            1492.0,
            2344.0,
            1137.0,
            1543.0,
            928.0,
            2824.0,
            2588.0,
            1041.0,
            2149.0,
            2651.0,
            1132.0,
            1151.0,
            2231.0,
            1218.0,
            2282.0,
            707.0,
            1409.0,
            1810.0,
            2450.0,
            1871.0,
            1492.0,
            759.0,
            2536.0,
            2921.0,
            1854.0,
            1049.0,
            157.0,
            1841.0,
            0.0,
            2987.0,
            2660.0,
            2475.0,
            1989.0
        ],
        [
            1503.0,
            1962.0,
            2806.0,
            1451.0,
            2930.0,
            2682.0,
            630.0,
            3199.0,
            1292.0,
            2327.0,
            3432.0,
            3571.0,
            1118.0,
            3402.0,
            3243.0,
            3256.0,
            1580.0,
            1178.0,
            540.0,
            1264.0,
            1497.0,
            2230.0,
            487.0,
            1976.0,
            2849.0,
            3267.0,
            2831.0,
            1161.0,
            2987.0,
            0.0,
            1503.0,
            721.0,
            3803.0
        ],
        [
            1471.0,
            568.0,
            1927.0,
            1625.0,
            2143.0,
            1186.0,
            919.0,
            2357.0,
            605.0,
            838.0,
            2574.0,
            2732.0,
            660.0,
            2499.0,
            1903.0,
            2583.0,
            1568.0,
            1442.0,
            1299.0,
            997.0,
            1521.0,
            2015.0,
            1519.0,
            506.0,
            1634.0,
            2427.0,
            2534.0,
            1282.0,
            2660.0,
            1503.0,
            0.0,
            887.0,
            2643.0
        ],
        [
            1006.0,
            1266.0,
            2128.0,
            1053.0,
            2276.0,
            2019.0,
            117.0,
            2537.0,
            571.0,
            1660.0,
            2770.0,
            2916.0,
            397.0,
            2730.0,
            2524.0,
            2639.0,
            1104.0,
            786.0,
            414.0,
            620.0,
            1027.0,
            1726.0,
            633.0,
            1390.0,
            2129.0,
            2607.0,
            2325.0,
            676.0,
            2475.0,
            721.0,
            887.0,
            0.0,
            3092.0
        ],
        [
            2557.0,
            2080.0,
            1118.0,
            2748.0,
            1163.0,
            1920.0,
            3197.0,
            959.0,
            2531.0,
            2029.0,
            871.0,
            913.0,
            2700.0,
            773.0,
            899.0,
            1295.0,
            2551.0,
            2876.0,
            3328.0,
            2565.0,
            2605.0,
            2186.0,
            3519.0,
            2537.0,
            1010.0,
            942.0,
            2031.0,
            2786.0,
            1989.0,
            3803.0,
            2643.0,
            3092.0,
            0.0
        ]
    ],
    "_travel_distance_matrix": [
        [
            0,
            13,
            13,
            2,
            13,
            19,
            10,
            15,
            8,
            16,
            17,
            18,
            8,
            17,
            19,
            15,
            1,
            3,
            9,
            5,
            1,
            7,
            9,
            16,
            15,
            16,
            12,
            3,
            13,
            13,
            13,
            9,
            22
        ],
        [
            13,
            0,
            13,
            14,
            15,
            7,
            12,
            16,
            7,
            4,
            18,
            19,
            8,
            17,
            12,
            18,
            13,
            13,
            14,
            9,
            13,
            16,
            16,
            5,
            9,
            17,
            19,
            12,
            20,
            17,
            5,
            11,
            18
        ],
        [
            13,
            13,
            0,
            14,
            3,
            15,
            19,
            4,
            14,
            14,
            6,
            7,
            15,
            6,
            10,
            6,
            12,
            15,
            20,
            13,
            13,
            10,
            21,
            17,
            6,
            5,
            10,
            15,
            10,
            24,
            17,
            18,
            10
        ],
        [
            2,
            14,
            14,
            0,
            14,
            21,
            10,
            17,
            9,
            18,
            19,
            20,
            9,
            19,
            21,
            16,
            2,
            3,
            8,
            6,
            2,
            7,
            9,
            18,
            17,
            17,
            12,
            4,
            13,
            13,
            14,
            9,
            23
        ],
        [
            13,
            15,
            3,
            14,
            0,
            17,
            20,
            3,
            15,
            16,
            5,
            6,
            17,
            5,
            12,
            4,
            13,
            16,
            21,
            14,
            13,
            9,
            22,
            19,
            8,
            3,
            8,
            16,
            8,
            25,
            18,
            19,
            10
        ],
        [
            19,
            7,
            15,
            21,
            17,
            0,
            18,
            18,
            13,
            3,
            19,
            20,
            15,
            18,
            9,
            21,
            19,
            20,
            21,
            16,
            19,
            21,
            22,
            7,
            10,
            18,
            23,
            19,
            24,
            23,
            10,
            17,
            16
        ],
        [
            10,
            12,
            19,
            10,
            20,
            18,
            0,
            23,
            6,
            15,
            25,
            26,
            5,
            24,
            22,
            23,
            11,
            8,
            4,
            7,
            10,
            16,
            6,
            12,
            19,
            23,
            21,
            7,
            22,
            6,
            8,
            1,
            27
        ],
        [
            15,
            16,
            4,
            17,
            3,
            18,
            23,
            0,
            17,
            17,
            2,
            4,
            19,
            2,
            12,
            4,
            15,
            18,
            23,
            17,
            16,
            11,
            24,
            21,
            9,
            1,
            9,
            18,
            9,
            27,
            20,
            22,
            8
        ],
        [
            8,
            7,
            14,
            9,
            15,
            13,
            6,
            17,
            0,
            10,
            19,
            21,
            2,
            19,
            17,
            19,
            9,
            8,
            8,
            4,
            8,
            13,
            10,
            9,
            13,
            18,
            17,
            6,
            18,
            11,
            6,
            5,
            22
        ],
        [
            16,
            4,
            14,
            18,
            16,
            3,
            15,
            17,
            10,
            0,
            19,
            20,
            12,
            18,
            10,
            20,
            17,
            17,
            18,
            13,
            17,
            19,
            19,
            5,
            10,
            18,
            22,
            16,
            23,
            20,
            7,
            14,
            17
        ],
        [
            17,
            18,
            6,
            19,
            5,
            19,
            25,
            2,
            19,
            19,
            0,
            2,
            21,
            2,
            12,
            4,
            17,
            20,
            25,
            19,
            18,
            13,
            26,
            22,
            10,
            2,
            10,
            20,
            10,
            29,
            22,
            24,
            8
        ],
        [
            18,
            19,
            7,
            20,
            6,
            20,
            26,
            4,
            21,
            20,
            2,
            0,
            22,
            3,
            13,
            4,
            18,
            21,
            26,
            20,
            19,
            14,
            27,
            24,
            11,
            3,
            11,
            21,
            10,
            30,
            23,
            25,
            8
        ],
        [
            8,
            8,
            15,
            9,
            17,
            15,
            5,
            19,
            2,
            12,
            21,
            22,
            0,
            20,
            18,
            20,
            9,
            7,
            7,
            4,
            8,
            13,
            9,
            10,
            15,
            19,
            18,
            6,
            19,
            10,
            6,
            4,
            23
        ],
        [
            17,
            17,
            6,
            19,
            5,
            18,
            24,
            2,
            19,
            18,
            2,
            3,
            20,
            0,
            11,
            5,
            17,
            20,
            25,
            18,
            18,
            13,
            26,
            22,
            9,
            2,
            11,
            20,
            11,
            29,
            21,
            23,
            7
        ],
        [
            19,
            12,
            10,
            21,
            12,
            9,
            22,
            12,
            17,
            10,
            12,
            13,
            18,
            11,
            0,
            15,
            20,
            22,
            24,
            18,
            20,
            19,
            26,
            15,
            5,
            12,
            19,
            20,
            20,
            28,
            16,
            22,
            8
        ],
        [
            15,
            18,
            6,
            16,
            4,
            21,
            23,
            4,
            19,
            20,
            4,
            4,
            20,
            5,
            15,
            0,
            15,
            18,
            23,
            17,
            16,
            10,
            24,
            23,
            12,
            4,
            7,
            18,
            6,
            28,
            22,
            22,
            11
        ],
        [
            1,
            13,
            12,
            2,
            13,
            19,
            11,
            15,
            9,
            17,
            17,
            18,
            9,
            17,
            20,
            15,
            0,
            4,
            9,
            5,
            1,
            6,
            10,
            17,
            16,
            16,
            11,
            4,
            12,
            14,
            14,
            10,
            22
        ],
        [
            3,
            13,
            15,
            3,
            16,
            20,
            8,
            18,
            8,
            17,
            20,
            21,
            7,
            20,
            22,
            18,
            4,
            0,
            6,
            5,
            3,
            9,
            7,
            16,
            18,
            19,
            14,
            2,
            16,
            10,
            13,
            7,
            24
        ],
        [
            9,
            14,
            20,
            8,
            21,
            21,
            4,
            23,
            8,
            18,
            25,
            26,
            7,
            25,
            24,
            23,
            9,
            6,
            0,
            7,
            8,
            15,
            2,
            16,
            21,
            23,
            20,
            6,
            21,
            5,
            11,
            4,
            28
        ],
        [
            5,
            9,
            13,
            6,
            14,
            16,
            7,
            17,
            4,
            13,
            19,
            20,
            4,
            18,
            18,
