{
    "_id_": "t=euclidean+d=7+c=3+n=05+v=3+o=100+r=10",
    "meta": {
        "t": "euclidean",
        "d": 7,
        "c": 3,
        "n": 5,
        "v": 3,
        "o": 100,
        "r": 10
    },
    "num_carriers": 3,
    "max_vehicle_load": 999999999,
    "max_tour_distance": 999999999,
    "max_tour_duration": 999999999,
    "carriers_max_num_tours": 3,
    "requests": [
        0,
        1,
        2,
        3,
        4,
        5,
        6,
        7,
        8,
        9,
        10,
        11,
        12,
        13,
        14
    ],
    "num_requests": 15,
    "num_requests_per_carrier": 5,
    "vertex_x_coords": [
        19.5,
        9.000000000000002,
        8.999999999999996,
        15.820395220488201,
        20.606506528861836,
        14.839044535932794,
        11.112835195449597,
        5.355555157471067,
        19.48107325700203,
        23.583990318805377,
        20.58713193001932,
        17.96064366116764,
        15.289645310540859,
        17.104478324664274,
        20.425526575794333,
        12.541676513870433,
        16.267182042144565,
        1.844333581369026
    ],
    "vertex_y_coords": [
        12.5,
        18.562177826491073,
        6.4378221735089305,
        7.44756184506411,
        14.518047386008027,
        19.82657984994211,
        9.670811361813684,
        0.7498287893914823,
        16.796694391427753,
        10.487095054660506,
        14.950097605024789,
        6.335519389189667,
        0.6748553514177774,
        8.090498819582201,
        13.955464397767104,
        16.338225050120077,
        16.040671100351208,
        7.305178442717164
    ],
    "request_to_carrier_assignment": [
        0,
        0,
        0,
        0,
        0,
        1,
        1,
        1,
        1,
        1,
        2,
        2,
        2,
        2,
        2
    ],
    "request_disclosure_time": [
        "0001-01-01T00:00:00",
        "0001-01-01T06:48:00",
        "0001-01-01T13:36:00",
        "0001-01-01T20:24:00",
        "0001-01-02T03:12:00",
        "0001-01-01T00:00:00",
        "0001-01-01T06:48:00",
        "0001-01-01T13:36:00",
        "0001-01-01T20:24:00",
        "0001-01-02T03:12:00",
        "0001-01-01T00:00:00",
        "0001-01-01T06:48:00",
        "0001-01-01T13:36:00",
        "0001-01-01T20:24:00",
        "0001-01-02T03:12:00"
    ],
    "vertex_revenue": [
        0,
        0,
        0,
        1,
        1,
        1,
        1,
        1,
        1,
        1,
        1,
        1,
        1,
        1,
        1,
        1,
        1,
        1
    ],
    "vertex_load": [
        0,
        0,
        0,
        1,
        1,
        1,
        1,
        1,
        1,
        1,
        1,
        1,
        1,
        1,
        1,
        1,
        1,
        1
    ],
    "vertex_service_duration": [
        0,
        0,
        0,
        240.0,
        240.0,
        240.0,
        240.0,
        240.0,
        240.0,
        240.0,
        240.0,
        240.0,
        240.0,
        240.0,
        240.0,
        240.0,
        240.0,
        240.0
    ],
    "tw_open": [
        "0001-01-02T10:00:00",
        "0001-01-02T10:00:00",
        "0001-01-02T10:00:00",
        "0001-01-02T10:00:00",
        "0001-01-02T10:00:00",
        "0001-01-02T10:00:00",
        "0001-01-02T10:00:00",
        "0001-01-02T10:00:00",
        "0001-01-02T10:00:00",
        "0001-01-02T10:00:00",
        "0001-01-02T10:00:00",
        "0001-01-02T10:00:00",
        "0001-01-02T10:00:00",
        "0001-01-02T10:00:00",
        "0001-01-02T10:00:00",
        "0001-01-02T10:00:00",
        "0001-01-02T10:00:00",
        "0001-01-02T10:00:00"
    ],
    "tw_close": [
        "0001-01-02T18:00:00",
        "0001-01-02T18:00:00",
        "0001-01-02T18:00:00",
        "0001-01-02T18:00:00",
        "0001-01-02T18:00:00",
        "0001-01-02T18:00:00",
        "0001-01-02T18:00:00",
        "0001-01-02T18:00:00",
        "0001-01-02T18:00:00",
        "0001-01-02T18:00:00",
        "0001-01-02T18:00:00",
        "0001-01-02T18:00:00",
        "0001-01-02T18:00:00",
        "0001-01-02T18:00:00",
        "0001-01-02T18:00:00",
        "0001-01-02T18:00:00",
        "0001-01-02T18:00:00",
        "0001-01-02T18:00:00"
    ],
    "_travel_duration_matrix": [
        [
            0.0,
            1455.0,
            1455.0,
            751.0,
            277.0,
            1043.0,
            1063.0,
            2207.0,
            516.0,
            547.0,
            322.0,
            763.0,
            1507.0,
            603.0,
            207.0,
            954.0,
            576.0,
            2209.0
        ],
        [
            1455.0,
            0.0,
            1455.0,
            1565.0,
            1475.0,
            717.0,
            1097.0,
            2182.0,
            1276.0,
            2001.0,
            1457.0,
            1820.0,
            2276.0,
            1589.0,
            1479.0,
            502.0,
            924.0,
            1601.0
        ],
        [
            1455.0,
            1455.0,
            0.0,
            828.0,
            1698.0,
            1753.0,
            464.0,
            811.0,
            1769.0,
            1817.0,
            1726.0,
            1076.0,
            1024.0,
            993.0,
            1642.0,
            1262.0,
            1446.0,
            865.0
        ],
        [
            751.0,
            1565.0,
            828.0,
            0.0,
            1025.0,
            1491.0,
            625.0,
            1491.0,
            1205.0,
            1001.0,
            1067.0,
            290.0,
            816.0,
            173.0,
            957.0,
            1138.0,
            1033.0,
            1678.0
        ],
        [
            277.0,
            1475.0,
            1698.0,
            1025.0,
            0.0,
            941.0,
            1280.0,
            2466.0,
            305.0,
            602.0,
            52.0,
            1032.0,
            1780.0,
            879.0,
            71.0,
            993.0,
            552.0,
            2413.0
        ],
        [
            1043.0,
            717.0,
            1753.0,
            1491.0,
            941.0,
            0.0,
            1299.0,
            2557.0,
            666.0,
            1536.0,
            905.0,
            1662.0,
            2299.0,
            1435.0,
            973.0,
            502.0,
            486.0,
            2166.0
        ],
        [
            1063.0,
            1097.0,
            464.0,
            625.0,
            1280.0,
            1299.0,
            0.0,
            1275.0,
            1319.0,
            1500.0,
            1302.0,
            915.0,
            1191.0,
            744.0,
            1231.0,
            819.0,
            984.0,
            1148.0
        ],
        [
            2207.0,
            2182.0,
            811.0,
            1491.0,
            2466.0,
            2557.0,
            1275.0,
            0.0,
            2566.0,
            2480.0,
            2499.0,
            1655.0,
            1193.0,
            1663.0,
            2405.0,
            2060.0,
            2255.0,
            893.0
        ],
        [
            516.0,
            1276.0,
            1769.0,
            1205.0,
            305.0,
            666.0,
            1319.0,
            2566.0,
            0.0,
            904.0,
            259.0,
            1269.0,
            1999.0,
            1083.0,
            360.0,
            835.0,
            397.0,
            2404.0
        ],
        [
            547.0,
            2001.0,
            1817.0,
            1001.0,
            602.0,
            1536.0,
            1500.0,
            2480.0,
            904.0,
            0.0,
            646.0,
            839.0,
            1542.0,
            830.0,
            563.0,
            1500.0,
            1103.0,
            2637.0
        ],
        [
            322.0,
            1457.0,
            1726.0,
            1067.0,
            52.0,
            905.0,
            1302.0,
            2499.0,
            259.0,
            646.0,
            0.0,
            1081.0,
            1828.0,
            924.0,
            121.0,
            980.0,
            535.0,
            2430.0
        ],
        [
            763.0,
            1820.0,
            1076.0,
            290.0,
            1032.0,
            1662.0,
            915.0,
            1655.0,
            1269.0,
            839.0,
            1081.0,
            0.0,
            752.0,
            235.0,
            962.0,
            1366.0,
            1183.0,
            1938.0
        ],
        [
            1507.0,
            2276.0,
            1024.0,
            816.0,
            1780.0,
            2299.0,
            1191.0,
            1193.0,
            1999.0,
            1542.0,
            1828.0,
            752.0,
            0.0,
            917.0,
            1709.0,
            1909.0,
            1848.0,
            1799.0
        ],
        [
            603.0,
            1589.0,
            993.0,
            173.0,
            879.0,
            1435.0,
            744.0,
            1663.0,
            1083.0,
            830.0,
            924.0,
            235.0,
            917.0,
            0.0,
            809.0,
            1132.0,
            960.0,
            1834.0
        ],
        [
            207.0,
            1479.0,
            1642.0,
            957.0,
            71.0,
            973.0,
            1231.0,
            2405.0,
            360.0,
            563.0,
            121.0,
            962.0,
            1709.0,
            809.0,
            0.0,
            989.0,
            559.0,
            2369.0
        ],
        [
            954.0,
            502.0,
            1262.0,
            1138.0,
            993.0,
            502.0,
            819.0,
            2060.0,
            835.0,
            1500.0,
            980.0,
            1366.0,
            1909.0,
            1132.0,
            989.0,
            0.0,
            449.0,
            1681.0
        ],
        [
            576.0,
            924.0,
            1446.0,
            1033.0,
            552.0,
            486.0,
            984.0,
            2255.0,
            397.0,
            1103.0,
            535.0,
            1183.0,
            1848.0,
            960.0,
            559.0,
            449.0,
            0.0,
            2024.0
        ],
        [
            2209.0,
            1601.0,
            865.0,
            1678.0,
            2413.0,
            2166.0,
            1148.0,
            893.0,
            2404.0,
            2637.0,
            2430.0,
            1938.0,
            1799.0,
            1834.0,
            2369.0,
            1681.0,
            2024.0,
            0.0
        ]
    ],
    "_travel_distance_matrix": [
        [
            0,
            13,
            13,
            7,
            3,
            9,
            9,
            19,
            5,
            5,
            3,
            7,
            13,
            6,
            2,
            8,
            5,
            19
        ],
        [
            13,
            0,
            13,
            14,
            13,
            6,
            10,
            19,
            11,
            17,
            13,
            16,
            19,
            14,
            13,
            5,
            8,
            14
        ],
        [
            13,
            13,
            0,
            7,
            15,
            15,
            4,
            7,
            15,
            16,
            15,
            9,
            9,
            9,
            14,
            11,
            13,
            8
        ],
        [
            7,
            14,
            7,
            0,
            9,
            13,
            6,
            13,
            11,
            9,
            9,
            3,
            7,
            2,
            8,
            10,
            9,
            14
        ],
        [
            3,
            13,
            15,
            9,
            0,
            8,
            11,
            21,
            3,
            6,
            1,
            9,
            15,
            8,
            1,
            9,
            5,
            21
        ],
        [
            9,
            6,
            15,
            13,
            8,
            0,
            11,
            22,
            6,
            13,
            8,
            14,
            20,
            12,
            9,
            5,
            5,
            19
        ],
        [
            9,
            10,
            4,
            6,
            11,
            11,
            0,
            11,
            11,
            13,
            11,
            8,
            10,
            7,
            11,
            7,
            9,
            10
        ],
        [
            19,
            19,
            7,
            13,
            21,
            22,
            11,
            0,
            22,
            21,
            21,
            14,
            10,
            14,
            21,
            18,
            19,
            8
        ],
        [
            5,
            11,
            15,
            11,
            3,
            6,
            11,
            22,
            0,
            8,
            3,
            11,
            17,
            10,
            3,
            7,
            4,
            21
        ],
        [
            5,
            17,
            16,
            9,
            6,
            13,
            13,
            21,
            8,
            0,
            6,
            7,
            13,
            7,
            5,
            13,
            10,
            22
        ],
        [
            3,
            13,
            15,
            9,
            1,
            8,
            11,
            21,
            3,
            6,
            0,
            10,
            16,
            8,
            2,
            9,
            5,
            21
        ],
        [
            7,
            16,
            9,
            3,
            9,
            14,
            8,
            14,
            11,
            7,
            10,
            0,
            7,
            2,
            9,
            12,
            10,
            17
        ],
        [
            13,
            19,
            9,
            7,
            15,
            20,
            10,
            10,
            17,
            13,
            16,
            7,
            0,
            8,
            15,
            16,
            16,
            15
        ],
        [
            6,
            14,
            9,
            2,
            8,
            12,
            7,
            14,
            10,
            7,
            8,
            2,
            8,
            0,
            7,
            10,
            8,
            16
        ],
        [
            2,
            13,
            14,
            8,
            1,
            9,
            11,
            21,
            3,
            5,
            2,
            9,
            15,
            7,
            0,
            9,
            5,
            20
        ],
        [
            8,
            5,
            11,
            10,
            9,
            5,
            7,
            18,
            7,
            13,
            9,
            12,
            16,
            10,
            9,
            0,
            4,
            15
        ],
        [
            5,
            8,
            13,
            9,
            5,
            5,
            9,
            19,
            4,
            10,
            5,
            10,
            16,
            8,
            5,
            4,
            0,
            17
        ],
        [
            19,
            14,
            8,
            14,
            21,
            19,
            10,
            8,
            21,
            22,
            21,
            17,
            15,
            16,
            20,
            15,
            17,
            0
        ]
    ]
}