{
    "_id_": "t=euclidean+d=7+c=3+n=10+v=1+o=100+r=10",
    "meta": {
        "t": "euclidean",
        "d": 7,
        "c": 3,
        "n": 10,
        "v": 1,
        "o": 100,
        "r": 10
    },
    "num_carriers": 3,
    "max_vehicle_load": 999999999,
    "max_tour_distance": 999999999,
    "max_tour_duration": 999999999,
    "carriers_max_num_tours": 1,
    "requests": [
        0,
        1,
        2,
        3,
        4,
        5,
        6,
        7,
        8,
        9,
        10,
        11,
        12,
        13,
        14,
        15,
        16,
        17,
        18,
        19,
        20,
        21,
        22,
        23,
        24,
        25,
        26,
        27,
        28,
        29
    ],
    "num_requests": 30,
    "num_requests_per_carrier": 10,
    "vertex_x_coords": [
        19.5,
        9.000000000000002,
        8.999999999999996,
        19.631327850972944,
        24.22840043807131,
        16.38877023227774,
        4.465361225365336,
        11.069979311053707,
        8.273237388117252,
        24.736587206713747,
        17.89412167287804,
        16.602783096017085,
        1.3020057733533181,
        23.63381817504687,
        10.144848678949822,
        7.516323953600285,
        3.719746106333091,
        14.928258150506307,
        4.631279455117568,
        19.640471257356044,
        21.261126257912736,
        24.17924825668189,
        17.489193257840306,
        15.97955386297825,
        19.433118241005708,
        16.19956545888757,
        4.377066231443879,
        9.416949320603832,
        0.40931474833245385,
        19.351472524676225,
        0.12671504016343316,
        17.484269695605818,
        14.466705193823337
    ],
    "vertex_y_coords": [
        12.5,
        18.562177826491073,
        6.4378221735089305,
        19.64648393815529,
        18.70149432273913,
        23.472113604179782,
        14.716180245029348,
        8.721178024183784,
        3.984217071504564,
        6.4277694069865,
        12.647127980343331,
        17.558561805721677,
        1.5024121708248934,
        6.258760682973122,
        6.899085521361909,
        9.166804561107988,
        8.708519863997685,
        24.85408925812127,
        24.828358187247147,
        11.203582301286023,
        21.522051887992,
        4.274088089063557,
        20.72125757584682,
        21.844777555931376,
        4.534915012879212,
        5.371930034099625,
        12.602661558619072,
        23.328988470904452,
        4.974464894074143,
        21.518641001078375,
        18.513475379156045,
        15.475439488450668,
        21.58813143201498
    ],
    "request_to_carrier_assignment": [
        0,
        0,
        0,
        0,
        0,
        0,
        0,
        0,
        0,
        0,
        1,
        1,
        1,
        1,
        1,
        1,
        1,
        1,
        1,
        1,
        2,
        2,
        2,
        2,
        2,
        2,
        2,
        2,
        2,
        2
    ],
    "request_disclosure_time": [
        "0001-01-01T00:00:00",
        "0001-01-01T03:24:00",
        "0001-01-01T06:48:00",
        "0001-01-01T10:12:00",
        "0001-01-01T13:36:00",
        "0001-01-01T17:00:00",
        "0001-01-01T20:24:00",
        "0001-01-01T23:48:00",
        "0001-01-02T03:12:00",
        "0001-01-02T06:36:00",
        "0001-01-01T00:00:00",
        "0001-01-01T03:24:00",
        "0001-01-01T06:48:00",
        "0001-01-01T10:12:00",
        "0001-01-01T13:36:00",
        "0001-01-01T17:00:00",
        "0001-01-01T20:24:00",
        "0001-01-01T23:48:00",
        "0001-01-02T03:12:00",
        "0001-01-02T06:36:00",
        "0001-01-01T00:00:00",
        "0001-01-01T03:24:00",
        "0001-01-01T06:48:00",
        "0001-01-01T10:12:00",
        "0001-01-01T13:36:00",
        "0001-01-01T17:00:00",
        "0001-01-01T20:24:00",
        "0001-01-01T23:48:00",
        "0001-01-02T03:12:00",
        "0001-01-02T06:36:00"
    ],
    "vertex_revenue": [
        0,
        0,
        0,
        1,
        1,
        1,
        1,
        1,
        1,
        1,
        1,
        1,
        1,
        1,
        1,
        1,
        1,
        1,
        1,
        1,
        1,
        1,
        1,
        1,
        1,
        1,
        1,
        1,
        1,
        1,
        1,
        1,
        1
    ],
    "vertex_load": [
        0,
        0,
        0,
        1,
        1,
        1,
        1,
        1,
        1,
        1,
        1,
        1,
        1,
        1,
        1,
        1,
        1,
        1,
        1,
        1,
        1,
        1,
        1,
        1,
        1,
        1,
        1,
        1,
        1,
        1,
        1,
        1,
        1
    ],
    "vertex_service_duration": [
        0,
        0,
        0,
        240.0,
        240.0,
        240.0,
        240.0,
        240.0,
        240.0,
        240.0,
        240.0,
        240.0,
        240.0,
        240.0,
        240.0,
        240.0,
        240.0,
        240.0,
        240.0,
        240.0,
        240.0,
        240.0,
        240.0,
        240.0,
        240.0,
        240.0,
        240.0,
        240.0,
        240.0,
        240.0,
        240.0,
        240.0,
        240.0
    ],
    "tw_open": [
        "0001-01-02T10:00:00",
        "0001-01-02T10:00:00",
        "0001-01-02T10:00:00",
        "0001-01-02T10:00:00",
        "0001-01-02T10:00:00",
        "0001-01-02T10:00:00",
        "0001-01-02T10:00:00",
        "0001-01-02T10:00:00",
        "0001-01-02T10:00:00",
        "0001-01-02T10:00:00",
        "0001-01-02T10:00:00",
        "0001-01-02T10:00:00",
        "0001-01-02T10:00:00",
        "0001-01-02T10:00:00",
        "0001-01-02T10:00:00",
        "0001-01-02T10:00:00",
        "0001-01-02T10:00:00",
        "0001-01-02T10:00:00",
        "0001-01-02T10:00:00",
        "0001-01-02T10:00:00",
        "0001-01-02T10:00:00",
        "0001-01-02T10:00:00",
        "0001-01-02T10:00:00",
        "0001-01-02T10:00:00",
        "0001-01-02T10:00:00",
        "0001-01-02T10:00:00",
        "0001-01-02T10:00:00",
        "0001-01-02T10:00:00",
        "0001-01-02T10:00:00",
        "0001-01-02T10:00:00",
        "0001-01-02T10:00:00",
        "0001-01-02T10:00:00",
        "0001-01-02T10:00:00"
    ],
    "tw_close": [
        "0001-01-02T18:00:00",
        "0001-01-02T18:00:00",
        "0001-01-02T18:00:00",
        "0001-01-02T18:00:00",
        "0001-01-02T18:00:00",
        "0001-01-02T18:00:00",
        "0001-01-02T18:00:00",
        "0001-01-02T18:00:00",
        "0001-01-02T18:00:00",
        "0001-01-02T18:00:00",
        "0001-01-02T18:00:00",
        "0001-01-02T18:00:00",
        "0001-01-02T18:00:00",
        "0001-01-02T18:00:00",
        "0001-01-02T18:00:00",
        "0001-01-02T18:00:00",
        "0001-01-02T18:00:00",
        "0001-01-02T18:00:00",
        "0001-01-02T18:00:00",
        "0001-01-02T18:00:00",
        "0001-01-02T18:00:00",
        "0001-01-02T18:00:00",
        "0001-01-02T18:00:00",
        "0001-01-02T18:00:00",
        "0001-01-02T18:00:00",
        "0001-01-02T18:00:00",
        "0001-01-02T18:00:00",
        "0001-01-02T18:00:00",
        "0001-01-02T18:00:00",
        "0001-01-02T18:00:00",
        "0001-01-02T18:00:00",
        "0001-01-02T18:00:00",
        "0001-01-02T18:00:00"
    ],
    "_travel_duration_matrix": [
        [
            0.0,
            1455.0,
            1455.0,
            858.0,
            936.0,
            1369.0,
            1824.0,
            1109.0,
            1691.0,
            963.0,
            194.0,
            700.0,
            2552.0,
            899.0,
            1309.0,
            1493.0,
            1948.0,
            1581.0,
            2318.0,
            157.0,
            1104.0,
            1136.0,
            1016.0,
            1199.0,
            956.0,
            943.0,
            1815.0,
            1776.0,
            2463.0,
            1083.0,
            2435.0,
            432.0,
            1247.0
        ],
        [
            1455.0,
            0.0,
            1455.0,
            1283.0,
            1828.0,
            1065.0,
            714.0,
            1207.0,
            1752.0,
            2385.0,
            1282.0,
            921.0,
            2246.0,
            2295.0,
            1407.0,
            1142.0,
            1342.0,
            1038.0,
            917.0,
            1553.0,
            1514.0,
            2502.0,
            1052.0,
            926.0,
            2098.0,
            1804.0,
            906.0,
            575.0,
            1930.0,
            1292.0,
            1065.0,
            1084.0,
            750.0
        ],
        [
            1455.0,
            1455.0,
            0.0,
            2035.0,
            2347.0,
            2229.0,
            1133.0,
            370.0,
            308.0,
            1889.0,
            1302.0,
            1617.0,
            1098.0,
            1757.0,
            149.0,
            373.0,
            690.0,
            2322.0,
            2269.0,
            1400.0,
            2333.0,
            1840.0,
            1994.0,
            2030.0,
            1273.0,
            874.0,
            925.0,
            2028.0,
            1046.0,
            2195.0,
            1799.0,
            1488.0,
            1933.0
        ],
        [
            858.0,
            1283.0,
            2035.0,
            0.0,
            564.0,
            602.0,
            1914.0,
            1666.0,
            2322.0,
            1701.0,
            866.0,
            442.0,
            3095.0,
            1677.0,
            1907.0,
            1923.0,
            2318.0,
            843.0,
            1905.0,
            1014.0,
            299.0,
            1924.0,
            288.0,
            512.0,
            1814.0,
            1762.0,
            2017.0,
            1303.0,
            2902.0,
            228.0,
            2345.0,
            563.0,
            663.0
        ],
        [
            936.0,
            1828.0,
            2347.0,
            564.0,
            0.0,
            1102.0,
            2420.0,
            1982.0,
            2605.0,
            1475.0,
            1052.0,
            926.0,
            3440.0,
            1495.0,
            2206.0,
            2309.0,
            2738.0,
            1339.0,
            2464.0,
            1055.0,
            492.0,
            1732.0,
            845.0,
            1060.0,
            1795.0,
            1868.0,
            2493.0,
            1863.0,
            3299.0,
            676.0,
            2893.0,
            898.0,
            1222.0
        ],
        [
            1369.0,
            1065.0,
            2229.0,
            602.0,
            1102.0,
            0.0,
            1776.0,
            1882.0,
            2534.0,
            2278.0,
            1312.0,
            711.0,
            3199.0,
            2242.0,
            2126.0,
            2021.0,
            2335.0,
            242.0,
            1421.0,
            1524.0,
            630.0,
            2487.0,
            356.0,
            202.0,
            2302.0,
            2173.0,
            1944.0,
            837.0,
            2934.0,
            426.0,
            2041.0,
            969.0,
            323.0
        ],
        [
            1824.0,
            714.0,
            1133.0,
            1914.0,
            2420.0,
            1776.0,
            0.0,
            1071.0,
            1367.0,
            2629.0,
            1631.0,
            1496.0,
            1631.0,
            2515.0,
            1160.0,
            760.0,
            727.0,
            1749.0,
            1214.0,
            1870.0,
            2175.0,
            2678.0,
            1721.0,
            1626.0,
            2173.0,
            1801.0,
            254.0,
            1193.0,
            1267.0,
            1965.0,
            692.0,
            1565.0,
            1457.0
        ],
        [
            1109.0,
            1207.0,
            370.0,
            1666.0,
            1982.0,
            1882.0,
            1071.0,
            0.0,
            661.0,
            1663.0,
            945.0,
            1252.0,
            1458.0,
            1537.0,
            246.0,
            430.0,
            883.0,
            1991.0,
            2082.0,
            1071.0,
            1964.0,
            1662.0,
            1634.0,
            1682.0,
            1123.0,
            736.0,
            929.0,
            1765.0,
            1356.0,
            1830.0,
            1763.0,
            1118.0,
            1597.0
        ],
        [
            1691.0,
            1752.0,
            308.0,
            2322.0,
            2605.0,
            2534.0,
            1367.0,
            661.0,
            0.0,
            1998.0,
            1554.0,
            1912.0,
            888.0,
            1864.0,
            416.0,
            629.0,
            788.0,
            2629.0,
            2540.0,
            1616.0,
            2619.0,
            1910.0,
            2293.0,
            2335.0,
            1341.0,
            966.0,
            1135.0,
            2326.0,
            952.0,
            2489.0,
            1999.0,
            1768.0,
            2240.0
        ],
        [
            963.0,
            2385.0,
            1889.0,
            1701.0,
            1475.0,
            2278.0,
            2629.0,
            1663.0,
            1998.0,
            0.0,
            1110.0,
            1655.0,
            2874.0,
            134.0,
            1752.0,
            2093.0,
            2537.0,
            2505.0,
            3271.0,
            839.0,
            1859.0,
            267.0,
            1924.0,
            2128.0,
            676.0,
            1033.0,
            2554.0,
            2738.0,
            2925.0,
            1923.0,
            3291.0,
            1392.0,
            2198.0
        ],
        [
            194.0,
            1282.0,
            1302.0,
            866.0,
            1052.0,
            1312.0,
            1631.0,
            945.0,
            1554.0,
            1110.0,
            0.0,
            610.0,
            2399.0,
            1031.0,
            1158.0,
            1314.0,
            1766.0,
            1508.0,
            2161.0,
            272.0,
            1140.0,
            1257.0,
            971.0,
            1128.0,
            991.0,
            897.0,
            1623.0,
            1637.0,
            2292.0,
            1079.0,
            2246.0,
            343.0,
            1150.0
        ],
        [
            700.0,
            921.0,
            1617.0,
            442.0,
            926.0,
            711.0,
            1496.0,
            1252.0,
            1912.0,
            1655.0,
            610.0,
            0.0,
            2662.0,
            1598.0,
            1496.0,
            1485.0,
            1876.0,
            899.0,
            1681.0,
            846.0,
            734.0,
            1836.0,
            395.0,
            520.0,
            1600.0,
            1464.0,
            1584.0,
            1106.0,
            2461.0,
            579.0,
            1981.0,
            272.0,
            548.0
        ],
        [
            2552.0,
            2246.0,
            1098.0,
            3095.0,
            3440.0,
            3199.0,
            1631.0,
            1458.0,
            888.0,
            2874.0,
            2399.0,
            2662.0,
            0.0,
            2740.0,
            1244.0,
            1185.0,
            913.0,
            3245.0,
            2828.0,
            2490.0,
            3393.0,
            2766.0,
            3016.0,
            3011.0,
            2206.0,
            1848.0,
            1383.0,
            2795.0,
            431.0,
            3235.0,
            2047.0,
            2566.0,
            2882.0
        ],
        [
            899.0,
            2295.0,
            1757.0,
            1677.0,
            1495.0,
            2242.0,
            2515.0,
            1537.0,
            1864.0,
            134.0,
            1031.0,
            1598.0,
            2740.0,
            0.0,
            1621.0,
            1966.0,
            2408.0,
            2464.0,
            3189.0,
            763.0,
            1854.0,
            247.0,
            1886.0,
            2084.0,
            545.0,
            899.0,
            2433.0,
            2666.0,
            2792.0,
            1902.0,
            3182.0,
            1330.0,
            2144.0
        ],
        [
            1309.0,
            1407.0,
            149.0,
            1907.0,
            2206.0,
            2126.0,
            1160.0,
            246.0,
            416.0,
            1752.0,
            1158.0,
            1496.0,
            1244.0,
            1621.0,
            0.0,
            417.0,
            802.0,
            2230.0,
            2251.0,
            1252.0,
            2205.0,
            1714.0,
            1879.0,
            1926.0,
            1151.0,
            750.0,
            974.0,
            1974.0,
            1191.0,
            2074.0,
            1841.0,
            1355.0,
            1838.0
        ],
        [
            1493.0,
            1142.0,
            373.0,
            1923.0,
            2309.0,
            2021.0,
            760.0,
            430.0,
            629.0,
            2093.0,
            1314.0,
            1485.0,
            1185.0,
            1966.0,
            417.0,
            0.0,
            459.0,
            2083.0,
            1912.0,
            1476.0,
            2218.0,
            2084.0,
            1832.0,
            1830.0,
            1535.0,
            1138.0,
            559.0,
            1715.0,
            991.0,
            2053.0,
            1430.0,
            1416.0,
            1709.0
        ],
        [
            1948.0,
            1342.0,
            690.0,
            2318.0,
            2738.0,
            2335.0,
            727.0,
            883.0,
            788.0,
            2537.0,
            1766.0,
            1876.0,
            913.0,
            2408.0,
            802.0,
            459.0,
            0.0,
            2359.0,
            1938.0,
            1934.0,
            2607.0,
            2513.0,
            2193.0,
            2157.0,
            1951.0,
            1551.0,
            474.0,
            1883.0,
            599.0,
            2426.0,
            1254.0,
            1841.0,
            2013.0
        ],
        [
            1581.0,
            1038.0,
            2322.0,
            843.0,
            1339.0,
            242.0,
            1749.0,
            1991.0,
            2629.0,
            2505.0,
            1508.0,
            899.0,
            3245.0,
            2464.0,
            2230.0,
            2083.0,
            2359.0,
            0.0,
            1236.0,
            1733.0,
            859.0,
            2708.0,
            584.0,
            383.0,
            2498.0,
            2343.0,
            1941.0,
            687.0,
            2955.0,
            665.0,
            1933.0,
            1167.0,
            396.0
        ],
        [
            2318.0,
            917.0,
            2269.0,
            1905.0,
            2464.0,
            1421.0,
            1214.0,
            2082.0,
            2540.0,
            3271.0,
            2161.0,
            1681.0,
            2828.0,
            3189.0,
            2251.0,
            1912.0,
            1938.0,
            1236.0,
            0.0,
            2433.0,
            2035.0,
            3404.0,
            1620.0,
            1409.0,
            3015.0,
            2717.0,
            1468.0,
            602.0,
            2436.0,
            1811.0,
            931.0,
            1908.0,
            1243.0
        ],
        [
            157.0,
            1553.0,
            1400.0,
            1014.0,
            1055.0,
            1524.0,
            1870.0,
            1071.0,
            1616.0,
            839.0,
            272.0,
            846.0,
            2490.0,
            763.0,
            1252.0,
            1476.0,
            1934.0,
            1733.0,
            2433.0,
            0.0,
            1254.0,
            995.0,
            1171.0,
            1351.0,
            801.0,
            813.0,
            1840.0,
            1904.0,
            2426.0,
            1239.0,
            2501.0,
            575.0,
            1393.0
        ],
        [
            1104.0,
            1514.0,
            2333.0,
            299.0,
            492.0,
            630.0,
            2175.0,
            1964.0,
            2619.0,
            1859.0,
            1140.0,
            734.0,
            3393.0,
            1854.0,
            2205.0,
            2218.0,
            2607.0,
            859.0,
            2035.0,
            1254.0,
            0.0,
            2100.0,
            463.0,
            635.0,
            2051.0,
            2031.0,
            2292.0,
            1438.0,
            3195.0,
            230.0,
            2562.0,
            856.0,
            816.0
        ],
        [
            1136.0,
            2502.0,
            1840.0,
            1924.0,
            1732.0,
            2487.0,
            2678.0,
            1662.0,
            1910.0,
            267.0,
            1257.0,
            1836.0,
            2766.0,
            247.0,
            1714.0,
            2084.0,
            2513.0,
            2708.0,
            3404.0,
            995.0,
            2100.0,
            0.0,
            2131.0,
            2327.0,
            571.0,
            967.0,
            2578.0,
            2893.0,
            2854.0,
            2149.0,
            3355.0,
            1566.0,
            2383.0
        ],
        [
            1016.0,
            1052.0,
            1994.0,
            288.0,
            845.0,
            356.0,
            1721.0,
            1634.0,
            2293.0,
            1924.0,
            971.0,
            395.0,
            3016.0,
            1886.0,
            1879.0,
            1832.0,
            2193.0,
            584.0,
            1620.0,
            1171.0,
            463.0,
            2131.0,
            0.0,
            226.0,
            1957.0,
            1849.0,
            1851.0,
            1018.0,
            2788.0,
            244.0,
            2101.0,
            630.0,
            378.0
        ],
        [
            1199.0,
            926.0,
            2030.0,
            512.0,
            1060.0,
            202.0,
            1626.0,
            1682.0,
            2335.0,
            2128.0,
            1128.0,
            520.0,
            3011.0,
            2084.0,
            1926.0,
            1830.0,
            2157.0,
            383.0,
            1409.0,
            1351.0,
            635.0,
            2327.0,
            226.0,
            0.0,
            2119.0,
            1977.0,
            1781.0,
            808.0,
            2755.0,
            407.0,
            1944.0,
            786.0,
            185.0
        ],
        [
            956.0,
            2098.0,
            1273.0,
            1814.0,
            1795.0,
            2302.0,
            2173.0,
            1123.0,
            1341.0,
            676.0,
            991.0,
            1600.0,
            2206.0,
            545.0,
            1151.0,
            1535.0,
            1951.0,
            2498.0,
            3015.0,
            801.0,
            2051.0,
            571.0,
            1957.0,
            2119.0,
            0.0,
            401.0,
            2050.0,
            2556.0,
            2284.0,
            2039.0,
            2861.0,
            1334.0,
            2132.0
        ],
        [
            943.0,
            1804.0,
            874.0,
            1762.0,
            1868.0,
            2173.0,
            1801.0,
            736.0,
            966.0,
            1033.0,
            897.0,
            1464.0,
            1848.0,
            899.0,
            750.0,
            1138.0,
            1551.0,
            2343.0,
            2717.0,
            813.0,
            2031.0,
            967.0,
            1849.0,
            1977.0,
            401.0,
            0.0,
            1664.0,
            2304.0,
            1896.0,
            1975.0,
            2492.0,
            1223.0,
            1958.0
        ],
        [
            1815.0,
            906.0,
            925.0,
            2017.0,
            2493.0,
            1944.0,
            254.0,
            929.0,
            1135.0,
            2554.0,
            1623.0,
            1584.0,
            1383.0,
            2433.0,
            974.0,
            559.0,
            474.0,
            1941.0,
            1468.0,
            1840.0,
            2292.0,
            2578.0,
            1851.0,
            1781.0,
            2050.0,
            1664.0,
            0.0,
            1423.0,
            1032.0,
            2092.0,
            874.0,
            1611.0,
            1622.0
        ],
        [
            1776.0,
            575.0,
            2028.0,
            1303.0,
            1863.0,
            837.0,
            1193.0,
            1765.0,
            2326.0,
            2738.0,
            1637.0,
            1106.0,
            2795.0,
            2666.0,
            1974.0,
            1715.0,
            1883.0,
            687.0,
            602.0,
            1904.0,
            1438.0,
            2893.0,
            1018.0,
            808.0,
            2556.0,
            2304.0,
            1423.0,
            0.0,
            2454.0,
            1212.0,
            1256.0,
            1352.0,
            641.0
        ],
        [
            2463.0,
            1930.0,
            1046.0,
            2902.0,
            3299.0,
            2934.0,
            1267.0,
            1356.0,
            952.0,
            2925.0,
            2292.0,
            2461.0,
            431.0,
            2792.0,
            1191.0,
            991.0,
            599.0,
            2955.0,
            2436.0,
            2426.0,
            3195.0,
            2854.0,
            2788.0,
            2755.0,
            2284.0,
            1896.0,
            1032.0,
            2454.0,
            0.0,
            3018.0,
            1626.0,
            2406.0,
            2612.0
        ],
        [
            1083.0,
            1292.0,
            2195.0,
            228.0,
            676.0,
            426.0,
            1965.0,
            1830.0,
            2489.0,
            1923.0,
            1079.0,
            579.0,
            3235.0,
            1902.0,
            2074.0,
            2053.0,
            2426.0,
            665.0,
            1811.0,
            1239.0,
            230.0,
            2149.0,
            244.0,
            407.0,
            2039.0,
            1975.0,
            2092.0,
            1212.0,
            3018.0,
            0.0,
            2335.0,
            760.0,
            587.0
        ],
        [
            2435.0,
            1065.0,
            1799.0,
            2345.0,
            2893.0,
            2041.0,
            692.0,
            1763.0,
            1999.0,
            3291.0,
            2246.0,
            1981.0,
            2047.0,
            3182.0,
            1841.0,
            1430.0,
            1254.0,
            1933.0,
            931.0,
            2501.0,
            2562.0,
            3355.0,
            2101.0,
            1944.0,
            2861.0,
            2492.0,
            874.0,
            1256.0,
            1626.0,
            2335.0,
            0.0,
            2115.0,
            1760.0
        ],
        [
            432.0,
            1084.0,
            1488.0,
            563.0,
            898.0,
            969.0,
            1565.0,
            1118.0,
            1768.0,
            1392.0,
            343.0,
            272.0,
            2566.0,
            1330.0,
            1355.0,
            1416.0,
            1841.0,
            1167.0,
            1908.0,
            575.0,
            856.0,
            1566.0,
            630.0,
            786.0,
            1334.0,
            1223.0,
            1611.0,
            1352.0,
            2406.0,
            760.0,
            2115.0,
            0.0,
            819.0
        ],
        [
            1247.0,
            750.0,
            1933.0,
            663.0,
            1222.0,
            323.0,
            1457.0,
            1597.0,
            2240.0,
            2198.0,
            1150.0,
            548.0,
            2882.0,
            2144.0,
            1838.0,
            1709.0,
            2013.0,
            396.0,
            1243.0,
            1393.0,
            816.0,
            2383.0,
            378.0,
            185.0,
            2132.0,
            1958.0,
            1622.0,
            641.0,
            2612.0,
            587.0,
            1760.0,
            819.0,
            0.0
        ]
    ],
    "_travel_distance_matrix": [
        [
            0,
            13,
            13,
            8,
            8,
            12,
            16,
            10,
            15,
            9,
            2,
            6,
            22,
            8,
            11,
            13,
            17,
            14,
            20,
            2,
            10,
            10,
            9,
            10,
            8,
            8,
            16,
            15,
            21,
            10,
            21,
            4,
            11
        ],
        [
            13,
            0,
            13,
            11,
            16,
            9,
            6,
            11,
            15,
            20,
            11,
            8,
            19,
            20,
            12,
            10,
            12,
            9,
            8,
            13,
            13,
            21,
            9,
            8,
            18,
            16,
            8,
            5,
            17,
            11,
            9,
            10,
            7
        ],
        [
            13,
            13,
            0,
            17,
            20,
            19,
            10,
            4,
            3,
            16,
            11,
            14,
            10,
            15,
            2,
            4,
            6,
            20,
            19,
            12,
            20,
            16,
            17,
            17,
            11,
            8,
            8,
            17,
            9,
            19,
            15,
            13,
            17
        ],
        [
            8,
            11,
            17,
            0,
            5,
            6,
            16,
            14,
            20,
            15,
            8,
            4,
            26,
            14,
            16,
            17,
            20,
            8,
            16,
            9,
            3,
            17,
            3,
            5,
            16,
            15,
            17,
            11,
            25,
            2,
            20,
            5,
            6
        ],
        [
            8,
            16,
            20,
            5,
            0,
            10,
            21,
            17,
            22,
            13,
            9,
            8,
            29,
            13,
            19,
            20,
            23,
            12,
            21,
            9,
            5,
            15,
            8,
            9,
            15,
            16,
            21,
            16,
            28,
            6,
            25,
            8,
            11
        ],
        [
            12,
            9,
            19,
            6,
            10,
            0,
            15,
            16,
            22,
            19,
            11,
            6,
            27,
            19,
            18,
            17,
            20,
            3,
            12,
            13,
            6,
            21,
            3,
            2,
            20,
            19,
            17,
            7,
            25,
            4,
            18,
            9,
            3
        ],
        [
            16,
            6,
            10,
            16,
            21,
            15,
            0,
            9,
            12,
            22,
            14,
            13,
            14,
            21,
            10,
            7,
            7,
            15,
            11,
            16,
            19,
            23,
            15,
            14,
            19,
            16,
            3,
            10,
            11,
            17,
            6,
            14,
            13
        ],
        [
            10,
            11,
            4,
            14,
            17,
            16,
            9,
            0,
            6,
            14,
            8,
            11,
            13,
            13,
            3,
            4,
            8,
            17,
            18,
            9,
            17,
            14,
            14,
            15,
            10,
            7,
            8,
            15,
            12,
            16,
            15,
            10,
            14
        ],
        [
            15,
            15,
            3,
            20,
            22,
            22,
            12,
            6,
            0,
            17,
            13,
            16,
            8,
            16,
            4,
            6,
            7,
            22,
            22,
            14,
            22,
            16,
            20,
            20,
            12,
            9,
            10,
            20,
            8,
            21,
            17,
            15,
            19
        ],
        [
            9,
            20,
            16,
            15,
            13,
            19,
            22,
            14,
            17,
            0,
            10,
            14,
            24,
            2,
            15,
            18,
            22,
            21,
            28,
            7,
            16,
            3,
            17,
            18,
            6,
            9,
            22,
            23,
            25,
            17,
            28,
            12,
            19
        ],
        [
            2,
            11,
            11,
            8,
            9,
            11,
            14,
            8,
            13,
            10,
            0,
            6,
            20,
            9,
            10,
            11,
            15,
            13,
            19,
            3,
            10,
            11,
            9,
            10,
            9,
            8,
            14,
            14,
            20,
            9,
            19,
            3,
            10
        ],
        [
            6,
            8,
            14,
            4,
            8,
            6,
            13,
            11,
            16,
            14,
            6,
            0,
            23,
            14,
            13,
            13,
            16,
            8,
            15,
            8,
            7,
            16,
            4,
            5,
            14,
            13,
            14,
            10,
            21,
            5,
            17,
            3,
            5
        ],
        [
            22,
            19,
            10,
            26,
            29,
            27,
            14,
            13,
            8,
            24,
            20,
            23,
            0,
            23,
            11,
            10,
            8,
            28,
            24,
            21,
            29,
            24,
            26,
            26,
            19,
            16,
            12,
            24,
            4,
            27,
            18,
            22,
            25
        ],
        [
            8,
            20,
            15,
            14,
            13,
            19,
            21,
            13,
            16,
            2,
            9,
            14,
            23,
            0,
            14,
            17,
            21,
            21,
            27,
            7,
            16,
            3,
            16,
            18,
            5,
            8,
            21,
            23,
            24,
            16,
            27,
            12,
            18
        ],
        [
            11,
            12,
            2,
            16,
            19,
            18,
            10,
            3,
            4,
            15,
            10,
            13,
            11,
            14,
            0,
            4,
            7,
            19,
            19,
            11,
            19,
            15,
            16,
            17,
            10,
            7,
            9,
            17,
            10,
            18,
            16,
            12,
            16
        ],
        [
            13,
            10,
            4,
            17,
            20,
            17,
            7,
            4,
            6,
            18,
            11,
            13,
            10,
            17,
            4,
            0,
            4,
            18,
            16,
            13,
            19,
            18,
            16,
            16,
            13,
            10,
            5,
            15,
            9,
            18,
            12,
            12,
            15
        ],
        [
            17,
            12,
            6,
            20,
            23,
            20,
            7,
            8,
            7,
            22,
            15,
            16,
            8,
            21,
            7,
            4,
            0,
            20,
            17,
            17,
            22,
            21,
            19,
            18,
            17,
            13,
            4,
            16,
            5,
            21,
            11,
            16,
            17
        ],
        [
            14,
            9,
            20,
            8,
            12,
            3,
            15,
            17,
            22,
            21,
            13,
            8,
            28,
            21,
            19,
            18,
            20,
            0,
            11,
            15,
            8,
            23,
            5,
            4,
            21,
            20,
            17,
            6,
            25,
            6,
            17,
            10,
            4
        ],
        [
            20,
            8,
            19,
            16,
            21,
            12,
            11,
            18,
            22,
            28,
            19,
            15,
            24,
            27,
            19,
            16,
            17,
            11,
            0,
            21,
            17,
            29,
            14,
            12,
            26,
            23,
            13,
            6,
            21,
            16,
            8,
            16,
            11
        ],
        [
            2,
            13,
            12,
            9,
            9,
            13,
            16,
            9,
            14,
            7,
            3,
            8,
            21,
            7,
