{
    "_id_": "t=euclidean+d=7+c=3+n=10+v=3+o=100+r=14",
    "meta": {
        "t": "euclidean",
        "d": 7,
        "c": 3,
        "n": 10,
        "v": 3,
        "o": 100,
        "r": 14
    },
    "num_carriers": 3,
    "max_vehicle_load": 999999999,
    "max_tour_distance": 999999999,
    "max_tour_duration": 999999999,
    "carriers_max_num_tours": 3,
    "requests": [
        0,
        1,
        2,
        3,
        4,
        5,
        6,
        7,
        8,
        9,
        10,
        11,
        12,
        13,
        14,
        15,
        16,
        17,
        18,
        19,
        20,
        21,
        22,
        23,
        24,
        25,
        26,
        27,
        28,
        29
    ],
    "num_requests": 30,
    "num_requests_per_carrier": 10,
    "vertex_x_coords": [
        19.5,
        9.000000000000002,
        8.999999999999996,
        11.332009905745924,
        7.648537807429012,
        18.833116609958452,
        0.2370943072847964,
        17.876477928843627,
        10.405122100347471,
        17.45798725895905,
        23.916570222720196,
        11.974261785674226,
        19.6008799831559,
        1.0868761168831231,
        15.242492049620227,
        9.500877938266933,
        3.5200412540781683,
        14.83999658746787,
        4.728745417783148,
        6.138161160428251,
        11.600277253196861,
        21.25645151172188,
        11.896694025343004,
        23.05244084109185,
        1.758366287794022,
        20.529939547313088,
        7.488026134872522,
        4.986246262591579,
        10.228354804344841,
        2.158939250816677,
        14.528416486942355,
        18.26318644234817,
        9.793163458819464
    ],
    "vertex_y_coords": [
        12.5,
        18.562177826491073,
        6.4378221735089305,
        1.950845951042901,
        10.176445517994908,
        11.410318512720796,
        12.668509286457342,
        0.011288432397182913,
        19.012620690611303,
        4.360603286969172,
        11.99309636825203,
        8.516834258366234,
        19.97115066276127,
        10.941362556668022,
        20.892959039097864,
        4.184872039258758,
        1.2840489838903708,
        8.568020539013746,
        23.192981235561,
        6.295419483520262,
        17.02910093296377,
        13.766995149422986,
        3.1850675907811015,
        19.04061539194218,
        7.673304624932858,
        4.825614254884206,
        14.893758374278807,
        4.005380990989354,
        5.245305034965305,
        8.7451635664114,
        3.137020936300619,
        21.80033476700021,
        15.893604266945518
    ],
    "request_to_carrier_assignment": [
        0,
        0,
        0,
        0,
        0,
        0,
        0,
        0,
        0,
        0,
        1,
        1,
        1,
        1,
        1,
        1,
        1,
        1,
        1,
        1,
        2,
        2,
        2,
        2,
        2,
        2,
        2,
        2,
        2,
        2
    ],
    "request_disclosure_time": [
        "0001-01-01T00:00:00",
        "0001-01-01T03:24:00",
        "0001-01-01T06:48:00",
        "0001-01-01T10:12:00",
        "0001-01-01T13:36:00",
        "0001-01-01T17:00:00",
        "0001-01-01T20:24:00",
        "0001-01-01T23:48:00",
        "0001-01-02T03:12:00",
        "0001-01-02T06:36:00",
        "0001-01-01T00:00:00",
        "0001-01-01T03:24:00",
        "0001-01-01T06:48:00",
        "0001-01-01T10:12:00",
        "0001-01-01T13:36:00",
        "0001-01-01T17:00:00",
        "0001-01-01T20:24:00",
        "0001-01-01T23:48:00",
        "0001-01-02T03:12:00",
        "0001-01-02T06:36:00",
        "0001-01-01T00:00:00",
        "0001-01-01T03:24:00",
        "0001-01-01T06:48:00",
        "0001-01-01T10:12:00",
        "0001-01-01T13:36:00",
        "0001-01-01T17:00:00",
        "0001-01-01T20:24:00",
        "0001-01-01T23:48:00",
        "0001-01-02T03:12:00",
        "0001-01-02T06:36:00"
    ],
    "vertex_revenue": [
        0,
        0,
        0,
        1,
        1,
        1,
        1,
        1,
        1,
        1,
        1,
        1,
        1,
        1,
        1,
        1,
        1,
        1,
        1,
        1,
        1,
        1,
        1,
        1,
        1,
        1,
        1,
        1,
        1,
        1,
        1,
        1,
        1
    ],
    "vertex_load": [
        0,
        0,
        0,
        1,
        1,
        1,
        1,
        1,
        1,
        1,
        1,
        1,
        1,
        1,
        1,
        1,
        1,
        1,
        1,
        1,
        1,
        1,
        1,
        1,
        1,
        1,
        1,
        1,
        1,
        1,
        1,
        1,
        1
    ],
    "vertex_service_duration": [
        0,
        0,
        0,
        240.0,
        240.0,
        240.0,
        240.0,
        240.0,
        240.0,
        240.0,
        240.0,
        240.0,
        240.0,
        240.0,
        240.0,
        240.0,
        240.0,
        240.0,
        240.0,
        240.0,
        240.0,
        240.0,
        240.0,
        240.0,
        240.0,
        240.0,
        240.0,
        240.0,
        240.0,
        240.0,
        240.0,
        240.0,
        240.0
    ],
    "tw_open": [
        "0001-01-02T10:00:00",
        "0001-01-02T10:00:00",
        "0001-01-02T10:00:00",
        "0001-01-02T10:00:00",
        "0001-01-02T10:00:00",
        "0001-01-02T10:00:00",
        "0001-01-02T10:00:00",
        "0001-01-02T10:00:00",
        "0001-01-02T10:00:00",
        "0001-01-02T10:00:00",
        "0001-01-02T10:00:00",
        "0001-01-02T10:00:00",
        "0001-01-02T10:00:00",
        "0001-01-02T10:00:00",
        "0001-01-02T10:00:00",
        "0001-01-02T10:00:00",
        "0001-01-02T10:00:00",
        "0001-01-02T10:00:00",
        "0001-01-02T10:00:00",
        "0001-01-02T10:00:00",
        "0001-01-02T10:00:00",
        "0001-01-02T10:00:00",
        "0001-01-02T10:00:00",
        "0001-01-02T10:00:00",
        "0001-01-02T10:00:00",
        "0001-01-02T10:00:00",
        "0001-01-02T10:00:00",
        "0001-01-02T10:00:00",
        "0001-01-02T10:00:00",
        "0001-01-02T10:00:00",
        "0001-01-02T10:00:00",
        "0001-01-02T10:00:00",
        "0001-01-02T10:00:00"
    ],
    "tw_close": [
        "0001-01-02T18:00:00",
        "0001-01-02T18:00:00",
        "0001-01-02T18:00:00",
        "0001-01-02T18:00:00",
        "0001-01-02T18:00:00",
        "0001-01-02T18:00:00",
        "0001-01-02T18:00:00",
        "0001-01-02T18:00:00",
        "0001-01-02T18:00:00",
        "0001-01-02T18:00:00",
        "0001-01-02T18:00:00",
        "0001-01-02T18:00:00",
        "0001-01-02T18:00:00",
        "0001-01-02T18:00:00",
        "0001-01-02T18:00:00",
        "0001-01-02T18:00:00",
        "0001-01-02T18:00:00",
        "0001-01-02T18:00:00",
        "0001-01-02T18:00:00",
        "0001-01-02T18:00:00",
        "0001-01-02T18:00:00",
        "0001-01-02T18:00:00",
        "0001-01-02T18:00:00",
        "0001-01-02T18:00:00",
        "0001-01-02T18:00:00",
        "0001-01-02T18:00:00",
        "0001-01-02T18:00:00",
        "0001-01-02T18:00:00",
        "0001-01-02T18:00:00",
        "0001-01-02T18:00:00",
        "0001-01-02T18:00:00",
        "0001-01-02T18:00:00",
        "0001-01-02T18:00:00"
    ],
    "_travel_duration_matrix": [
        [
            0.0,
            1455.0,
            1455.0,
            1602.0,
            1450.0,
            154.0,
            2312.0,
            1512.0,
            1343.0,
            1007.0,
            534.0,
            1022.0,
            897.0,
            2218.0,
            1130.0,
            1561.0,
            2343.0,
            732.0,
            2189.0,
            1768.0,
            1093.0,
            260.0,
            1443.0,
            894.0,
            2207.0,
            930.0,
            1470.0,
            2019.0,
            1413.0,
            2130.0,
            1273.0,
            1126.0,
            1234.0
        ],
        [
            1455.0,
            0.0,
            1455.0,
            2013.0,
            1020.0,
            1460.0,
            1268.0,
            2468.0,
            178.0,
            1984.0,
            1956.0,
            1258.0,
            1284.0,
            1319.0,
            800.0,
            1727.0,
            2176.0,
            1390.0,
            756.0,
            1512.0,
            363.0,
            1580.0,
            1878.0,
            1688.0,
            1570.0,
            2153.0,
            477.0,
            1813.0,
            1605.0,
            1436.0,
            1967.0,
            1178.0,
            335.0
        ],
        [
            1455.0,
            1455.0,
            0.0,
            607.0,
            478.0,
            1323.0,
            1291.0,
            1316.0,
            1519.0,
            1046.0,
            1911.0,
            436.0,
            2063.0,
            1093.0,
            1890.0,
            277.0,
            903.0,
            746.0,
            2075.0,
            344.0,
            1309.0,
            1714.0,
            523.0,
            2266.0,
            882.0,
            1398.0,
            1031.0,
            564.0,
            206.0,
            867.0,
            773.0,
            2153.0,
            1139.0
        ],
        [
            1602.0,
            2013.0,
            607.0,
            0.0,
            1082.0,
            1449.0,
            1852.0,
            820.0,
            2051.0,
            790.0,
            1933.0,
            792.0,
            2380.0,
            1636.0,
            2321.0,
            347.0,
            941.0,
            899.0,
            2670.0,
            813.0,
            1810.0,
            1852.0,
            163.0,
            2487.0,
            1339.0,
            1157.0,
            1621.0,
            801.0,
            417.0,
            1370.0,
            410.0,
            2523.0,
            1684.0
        ],
        [
            1450.0,
            1020.0,
            478.0,
            1082.0,
            0.0,
            1351.0,
            939.0,
            1731.0,
            1111.0,
            1369.0,
            1965.0,
            556.0,
            1855.0,
            793.0,
            1577.0,
            753.0,
            1177.0,
            885.0,
            1601.0,
            500.0,
            950.0,
            1689.0,
            982.0,
            2133.0,
            768.0,
            1674.0,
            567.0,
            807.0,
            668.0,
            681.0,
            1182.0,
            1889.0,
            733.0
        ],
        [
            154.0,
            1460.0,
            1323.0,
            1449.0,
            1351.0,
            0.0,
            2237.0,
            1373.0,
            1363.0,
            862.0,
            615.0,
            894.0,
            1032.0,
            2131.0,
            1217.0,
            1417.0,
            2204.0,
            589.0,
            2206.0,
            1643.0,
            1100.0,
            406.0,
            1292.0,
            1047.0,
            2098.0,
            816.0,
            1425.0,
            1885.0,
            1271.0,
            2027.0,
            1120.0,
            1249.0,
            1211.0
        ],
        [
            2312.0,
            1268.0,
            1291.0,
            1852.0,
            939.0,
            2237.0,
            0.0,
            2606.0,
            1439.0,
            2295.0,
            2843.0,
            1494.0,
            2484.0,
            231.0,
            2054.0,
            1508.0,
            1422.0,
            1821.0,
            1374.0,
            1043.0,
            1461.0,
            2526.0,
            1804.0,
            2843.0,
            627.0,
            2611.0,
            911.0,
            1186.0,
            1494.0,
            525.0,
            2062.0,
            2425.0,
            1211.0
        ],
        [
            1512.0,
            2468.0,
            1316.0,
            820.0,
            1731.0,
            1373.0,
            2606.0,
            0.0,
            2451.0,
            525.0,
            1611.0,
            1243.0,
            2405.0,
            2405.0,
            2526.0,
            1123.0,
            1730.0,
            1090.0,
            3199.0,
            1598.0,
            2177.0,
            1700.0,
            813.0,
            2367.0,
            2142.0,
            660.0,
            2178.0,
            1620.0,
            1113.0,
            2158.0,
            550.0,
            2616.0,
            2139.0
        ],
        [
            1343.0,
            178.0,
            1519.0,
            2051.0,
            1111.0,
            1363.0,
            1439.0,
            2451.0,
            0.0,
            1952.0,
            1828.0,
            1274.0,
            1110.0,
            1480.0,
            623.0,
            1783.0,
            2283.0,
            1362.0,
            846.0,
            1610.0,
            278.0,
            1447.0,
            1908.0,
            1518.0,
            1712.0,
            2092.0,
            606.0,
            1915.0,
            1653.0,
            1581.0,
            1969.0,
            1001.0,
            382.0
        ],
        [
            1007.0,
            1984.0,
            1046.0,
            790.0,
            1369.0,
            862.0,
            2295.0,
            525.0,
            1952.0,
            0.0,
            1200.0,
            826.0,
            1891.0,
            2118.0,
            2002.0,
            956.0,
            1713.0,
            595.0,
            2728.0,
            1379.0,
            1675.0,
            1218.0,
            683.0,
            1886.0,
            1926.0,
            373.0,
            1741.0,
            1498.0,
            875.0,
            1910.0,
            381.0,
            2095.0,
            1662.0
        ],
        [
            534.0,
            1956.0,
            1911.0,
            1933.0,
            1965.0,
            615.0,
            2843.0,
            1611.0,
            1828.0,
            1200.0,
            0.0,
            1493.0,
            1089.0,
            2743.0,
            1492.0,
            1968.0,
            2765.0,
            1165.0,
            2667.0,
            2241.0,
            1597.0,
            384.0,
            1789.0,
            853.0,
            2710.0,
            952.0,
            2002.0,
            2466.0,
            1832.0,
            2640.0,
            1549.0,
            1359.0,
            1759.0
        ],
        [
            1022.0,
            1258.0,
            436.0,
            792.0,
            556.0,
            894.0,
            1494.0,
            1243.0,
            1274.0,
            826.0,
            1493.0,
            0.0,
            1652.0,
            1339.0,
            1537.0,
            599.0,
            1336.0,
            344.0,
            1965.0,
            750.0,
            1023.0,
            1280.0,
            640.0,
            1834.0,
            1231.0,
            1119.0,
            936.0,
            999.0,
            445.0,
            1179.0,
            715.0,
            1764.0,
            924.0
        ],
        [
            897.0,
            1284.0,
            2063.0,
            2380.0,
            1855.0,
            1032.0,
            2484.0,
            2405.0,
            1110.0,
            1891.0,
            1089.0,
            1652.0,
            0.0,
            2472.0,
            535.0,
            2249.0,
            2959.0,
            1483.0,
            1827.0,
            2303.0,
            1023.0,
            771.0,
            2217.0,
            429.0,
            2601.0,
            1821.0,
            1577.0,
            2598.0,
            2095.0,
            2490.0,
            2110.0,
            272.0,
            1275.0
        ],
        [
            2218.0,
            1319.0,
            1093.0,
            1636.0,
            793.0,
            2131.0,
            231.0,
            2405.0,
            1480.0,
            2118.0,
            2743.0,
            1339.0,
            2472.0,
            0.0,
            2077.0,
            1295.0,
            1196.0,
            1675.0,
            1534.0,
            824.0,
            1458.0,
            2444.0,
            1597.0,
            2810.0,
            401.0,
            2446.0,
            903.0,
            955.0,
            1293.0,
            294.0,
            1866.0,
            2439.0,
            1202.0
        ],
        [
            1130.0,
            800.0,
            1890.0,
            2321.0,
            1577.0,
            1217.0,
            2054.0,
            2526.0,
            623.0,
            2002.0,
            1492.0,
            1537.0,
            535.0,
            2077.0,
            0.0,
            2121.0,
            2742.0,
            1480.0,
            1292.0,
            2065.0,
            638.0,
            1119.0,
            2163.0,
            964.0,
            2267.0,
            2030.0,
            1177.0,
            2371.0,
            1972.0,
            2143.0,
            2133.0,
            379.0,
            888.0
        ],
        [
            1561.0,
            1727.0,
            277.0,
            347.0,
            753.0,
            1417.0,
            1508.0,
            1123.0,
            1783.0,
            956.0,
            1968.0,
            599.0,
            2249.0,
            1295.0,
            2121.0,
            0.0,
            798.0,
            829.0,
            2352.0,
            477.0,
            1562.0,
            1820.0,
            312.0,
            2413.0,
            1020.0,
            1326.0,
            1308.0,
            543.0,
            155.0,
            1038.0,
            617.0,
            2361.0,
            1406.0
        ],
        [
            2343.0,
            2176.0,
            903.0,
            941.0,
            1177.0,
            2204.0,
            1422.0,
            1730.0,
            2283.0,
            1713.0,
            2765.0,
            1336.0,
            2959.0,
            1196.0,
            2742.0,
            798.0,
            0.0,
            1616.0,
            2634.0,
            679.0,
            2124.0,
            2603.0,
            1031.0,
            3168.0,
            796.0,
            2085.0,
            1702.0,
            371.0,
            935.0,
            911.0,
            1340.0,
            3032.0,
            1908.0
        ],
        [
            732.0,
            1390.0,
            746.0,
            899.0,
            885.0,
            589.0,
            1821.0,
            1090.0,
            1362.0,
            595.0,
            1165.0,
            344.0,
            1483.0,
            1675.0,
            1480.0,
            829.0,
            1616.0,
            0.0,
            2134.0,
            1080.0,
            1088.0,
            992.0,
            737.0,
            1598.0,
            1574.0,
            818.0,
            1164.0,
            1304.0,
            683.0,
            1522.0,
            653.0,
            1641.0,
            1068.0
        ],
        [
            2189.0,
            756.0,
            2075.0,
            2670.0,
            1601.0,
            2206.0,
            1374.0,
            3199.0,
            846.0,
            2728.0,
            2667.0,
            1965.0,
            1827.0,
            1534.0,
            1292.0,
            2352.0,
            2634.0,
            2134.0,
            0.0,
            2035.0,
            1108.0,
            2284.0,
            2551.0,
            2255.0,
            1897.0,
            2908.0,
            1050.0,
            2303.0,
            2253.0,
            1761.0,
            2679.0,
            1633.0,
            1067.0
        ],
        [
            1768.0,
            1512.0,
            344.0,
            813.0,
            500.0,
            1643.0,
            1043.0,
            1598.0,
            1610.0,
            1379.0,
            2241.0,
            750.0,
            2303.0,
            824.0,
            2065.0,
            477.0,
            679.0,
            1080.0,
            2035.0,
            0.0,
            1446.0,
            2024.0,
            786.0,
            2542.0,
            551.0,
            1736.0,
            1045.0,
            308.0,
            507.0,
            561.0,
            1076.0,
            2362.0,
            1233.0
        ],
        [
            1093.0,
            363.0,
            1309.0,
            1810.0,
            950.0,
            1100.0,
            1461.0,
            2177.0,
            278.0,
            1675.0,
            1597.0,
            1023.0,
            1023.0,
            1458.0,
            638.0,
            1562.0,
            2124.0,
            1088.0,
            1108.0,
            1446.0,
            0.0,
            1224.0,
            1662.0,
            1396.0,
            1630.0,
            1815.0,
            557.0,
            1753.0,
            1424.0,
            1508.0,
            1704.0,
            984.0,
            257.0
        ],
        [
            260.0,
            1580.0,
            1714.0,
            1852.0,
            1689.0,
            406.0,
            2526.0,
            1700.0,
            1447.0,
            1218.0,
            384.0,
            1280.0,
            771.0,
            2444.0,
            1119.0,
            1820.0,
            2603.0,
            992.0,
            2284.0,
            2024.0,
            1224.0,
            0.0,
            1696.0,
            669.0,
            2452.0,
            1077.0,
            1658.0,
            2277.0,
            1673.0,
            2370.0,
            1510.0,
            1029.0,
            1400.0
        ],
        [
            1443.0,
            1878.0,
            523.0,
            163.0,
            982.0,
            1292.0,
            1804.0,
            813.0,
            1908.0,
            683.0,
            1789.0,
            640.0,
            2217.0,
            1597.0,
            2163.0,
            312.0,
            1031.0,
            737.0,
            2551.0,
            786.0,
            1662.0,
            1696.0,
            0.0,
            2327.0,
            1331.0,
            1055.0,
            1502.0,
            836.0,
            319.0,
            1346.0,
            316.0,
            2361.0,
            1546.0
        ],
        [
            894.0,
            1688.0,
            2266.0,
            2487.0,
            2133.0,
            1047.0,
            2843.0,
            2367.0,
            1518.0,
            1886.0,
            853.0,
            1834.0,
            429.0,
            2810.0,
            964.0,
            2413.0,
            3168.0,
            1598.0,
            2255.0,
            2542.0,
            1396.0,
            669.0,
            2327.0,
            0.0,
            2897.0,
            1733.0,
            1933.0,
            2821.0,
            2261.0,
            2796.0,
            2166.0,
            664.0,
            1636.0
        ],
        [
            2207.0,
            1570.0,
            882.0,
            1339.0,
            768.0,
            2098.0,
            627.0,
            2142.0,
            1712.0,
            1926.0,
            2710.0,
            1231.0,
            2601.0,
            401.0,
            2267.0,
            1020.0,
            796.0,
            1574.0,
            1897.0,
            551.0,
            1630.0,
            2452.0,
            1331.0,
            2897.0,
            0.0,
            2279.0,
            1107.0,
            587.0,
            1058.0,
            138.0,
            1627.0,
            2608.0,
            1380.0
        ],
        [
            930.0,
            2153.0,
            1398.0,
            1157.0,
            1674.0,
            816.0,
            2611.0,
            660.0,
            2092.0,
            373.0,
            952.0,
            1119.0,
            1821.0,
            2446.0,
            2030.0,
            1326.0,
            2085.0,
            818.0,
            2908.0,
            1736.0,
            1815.0,
            1077.0,
            1055.0,
            1733.0,
            2279.0,
            0.0,
            1978.0,
            1868.0,
            1238.0,
            2255.0,
            749.0,
            2056.0,
            1851.0
        ],
        [
            1470.0,
            477.0,
            1031.0,
            1621.0,
            567.0,
            1425.0,
            911.0,
            2178.0,
            606.0,
            1741.0,
            2002.0,
            936.0,
            1577.0,
            903.0,
            1177.0,
            1308.0,
            1702.0,
            1164.0,
            1050.0,
            1045.0,
            557.0,
            1658.0,
            1502.0,
            1933.0,
            1107.0,
            1978.0,
            0.0,
            1341.0,
            1204.0,
            977.0,
            1645.0,
            1536.0,
            302.0
        ],
        [
            2019.0,
            1813.0,
            564.0,
            801.0,
            807.0,
            1885.0,
            1186.0,
            1620.0,
            1915.0,
            1498.0,
            2466.0,
            999.0,
            2598.0,
            955.0,
            2371.0,
            543.0,
            371.0,
            1304.0,
            2303.0,
            308.0,
            1753.0,
            2277.0,
            836.0,
            2821.0,
            587.0,
            1868.0,
            1341.0,
            0.0,
            647.0,
            663.0,
            1150.0,
            2665.0,
            1539.0
        ],
        [
            1413.0,
            1605.0,
            206.0,
            417.0,
            668.0,
            1271.0,
            1494.0,
            1113.0,
            1653.0,
            875.0,
            1832.0,
            445.0,
            2095.0,
            1293.0,
            1972.0,
            155.0,
            935.0,
            683.0,
            2253.0,
            507.0,
            1424.0,
            1673.0,
            319.0,
            2261.0,
            1058.0,
            1238.0,
            1204.0,
            647.0,
            0.0,
            1056.0,
            575.0,
            2209.0,
            1279.0
        ],
        [
            2130.0,
            1436.0,
            867.0,
            1370.0,
            681.0,
            2027.0,
            525.0,
            2158.0,
            1581.0,
            1910.0,
            2640.0,
            1179.0,
            2490.0,
            294.0,
            2143.0,
            1038.0,
            911.0,
            1522.0,
            1761.0,
            561.0,
            1508.0,
            2370.0,
            1346.0,
            2796.0,
            138.0,
            2255.0,
            977.0,
            663.0,
            1056.0,
            0.0,
            1630.0,
            2488.0,
            1256.0
        ],
        [
            1273.0,
            1967.0,
            773.0,
            410.0,
            1182.0,
            1120.0,
            2062.0,
            550.0,
            1969.0,
            381.0,
            1549.0,
            715.0,
            2110.0,
            1866.0,
            2133.0,
            617.0,
            1340.0,
            653.0,
            2679.0,
            1076.0,
            1704.0,
            1510.0,
            316.0,
            2166.0,
            1627.0,
            749.0,
            1645.0,
            1150.0,
            575.0,
            1630.0,
            0.0,
            2285.0,
            1633.0
        ],
        [
            1126.0,
            1178.0,
            2153.0,
            2523.0,
            1889.0,
            1249.0,
            2425.0,
            2616.0,
            1001.0,
            2095.0,
            1359.0,
            1764.0,
            272.0,
            2439.0,
            379.0,
            2361.0,
            3032.0,
            1641.0,
            1633.0,
            2362.0,
            984.0,
            1029.0,
            2361.0,
            664.0,
            2608.0,
            2056.0,
            1536.0,
            2665.0,
            2209.0,
            2488.0,
            2285.0,
            0.0,
            1240.0
        ],
        [
            1234.0,
            335.0,
            1139.0,
            1684.0,
            733.0,
            1211.0,
            1211.0,
            2139.0,
            382.0,
            1662.0,
            1759.0,
            924.0,
            1275.0,
            1202.0,
            888.0,
            1406.0,
            1908.0,
            1068.0,
            1067.0,
            1233.0,
            257.0,
            1400.0,
            1546.0,
            1636.0,
            1380.0,
            1851.0,
            302.0,
            1539.0,
            1279.0,
            1256.0,
            1633.0,
            1240.0,
            0.0
        ]
    ],
    "_travel_distance_matrix": [
        [
            0,
            13,
            13,
            14,
            13,
            2,
            20,
            13,
            12,
            9,
            5,
            9,
            8,
            19,
            10,
            14,
            20,
            7,
            19,
            15,
            10,
            3,
            13,
            8,
            19,
            8,
            13,
            17,
            12,
            18,
            11,
            10,
            11
        ],
        [
            13,
            0,
            13,
            17,
            9,
            13,
            11,
            21,
            2,
            17,
            17,
            11,
            11,
            11,
            7,
            15,
            19,
            12,
            7,
            13,
            4,
            14,
            16,
            15,
            14,
            18,
            4,
            16,
            14,
            12,
            17,
            10,
            3
        ],
        [
            13,
            13,
            0,
            6,
            4,
            12,
            11,
            11,
            13,
            9,
            16,
            4,
            18,
            10,
            16,
            3,
            8,
            7,
            18,
            3,
            11,
            15,
            5,
            19,
            8,
            12,
            9,
            5,
            2,
            8,
            7,
            18,
            10
        ],
        [
            14,
            17,
            6,
            0,
            10,
            13,
            16,
            7,
            18,
            7,
            17,
            7,
            20,
            14,
            20,
            3,
            8,
            8,
            23,
            7,
            16,
            16,
            2,
            21,
            12,
            10,
            14,
            7,
            4,
            12,
            4,
            22,
            15
        ],
        [
            13,
            9,
            4,
            10,
            0,
            12,
            8,
            15,
            10,
            12,
            17,
            5,
            16,
            7,
            14,
            7,
            10,
            8,
            14,
            5,
            8,
            15,
            9,
            18,
            7,
            14,
            5,
            7,
            6,
            6,
            10,
            16,
            7
        ],
        [
            2,
            13,
            12,
            13,
            12,
            0,
            19,
            12,
            12,
            8,
            6,
            8,
            9,
            18,
            11,
            12,
            19,
            5,
            19,
            14,
            10,
            4,
            11,
            9,
            18,
            7,
            12,
            16,
            11,
            17,
            10,
            11,
            11
        ],
        [
            20,
            11,
            11,
            16,
            8,
            19,
            0,
            22,
            12,
            20,
            24,
            13,
            21,
            2,
            18,
            13,
            12,
            16,
            12,
            9,
            13,
            22,
            16,
            24,
            6,
            22,
            8,
            10,
            13,
            5,
            18,
            21,
            11
        ],
        [
            13,
            21,
            11,
            7,
            15,
            12,
            22,
            0,
            21,
            5,
            14,
            11,
            21,
            21,
            22,
            10,
            15,
            10,
            27,
            14,
            19,
            15,
            7,
            20,
            18,
            6,
            19,
            14,
            10,
            18,
            5,
            22,
            18
        ],
        [
            12,
            2,
            13,
            18,
            10,
            12,
            12,
            21,
            0,
            17,
            16,
            11,
            10,
            13,
            6,
            15,
            20,
            12,
            8,
            14,
            3,
            13,
            16,
            13,
            15,
            18,
            6,
            16,
            14,
            14,
            17,
            9,
            4
        ],
        [
            9,
            17,
            9,
            7,
            12,
            8,
            20,
            5,
            17,
            0,
            10,
            7,
            16,
            18,
            17,
            8,
            15,
            5,
            23,
            12,
            14,
            11,
            6,
            16,
            17,
            4,
            15,
            13,
            8,
            16,
            4,
            18,
            14
        ],
        [
            5,
            17,
            16,
            17,
            17,
            6,
            24,
            14,
            16,
            10,
            0,
            13,
            10,
            23,
            13,
            17,
            24,
            10,
            23,
            19,
            14,
            4,
            15,
            8,
            23,
            8,
            17,
            21,
            16,
            22,
            13,
            12,
            15
        ],
        [
            9,
            11,
            4,
            7,
            5,
            8,
            13,
            11,
            11,
            7,
            13,
            0,
            14,
            12,
            13,
            5,
            12,
            3,
            17,
            7,
            9,
            11,
            6,
            16,
            11,
            10,
            8,
            9,
            4,
            10,
            6,
            15,
            8
        ],
        [
            8,
            11,
            18,
            20,
            16,
            9,
            21,
            21,
            10,
            16,
            10,
            14,
            0,
            21,
            5,
            19,
            25,
            13,
            16,
            20,
            9,
            7,
            19,
            4,
            22,
            16,
            14,
            22,
            18,
            21,
            18,
            3,
            11
        ],
        [
            19,
            11,
            10,
            14,
            7,
            18,
            2,
            21,
            13,
            18,
            23,
            12,
            21,
            0,
            18,
            11,
            10,
            14,
            13,
            7,
            13,
            21,
            14,
            24,
            4,
            21,
            8,
            8,
            11,
            3,
            16,
            21,
            11
        ],
        [
            10,
            7,
            16,
            20,
            14,
            11,
            18,
            22,
            6,
            17,
            13,
            13,
            5,
            18,
            0,
            18,
            23,
            13,
            11,
            18,
            6,
            10,
            19,
            9,
            19,
            17,
            10,
            20,
            17,
            18,
            18,
            4,
            8
        ],
        [
            14,
            15,
            3,
            3,
            7,
            12,
            13,
            10,
            15,
            8,
            17,
            5,
            19,
            11,
            18,
            0,
            7,
            7,
            20,
            4,
            14,
            16,
            3,
            21,
            9,
            12,
            11,
            5,
            2,
            9,
            6,
            20,
            12
        ],
        [
            20,
            19,
            8,
            8,
            10,
            19,
            12,
            15,
            20,
            15,
            24,
            12,
            25,
            10,
            23,
            7,
            0,
            14,
            22,
            6,
            18,
            22,
            9,
            27,
            7,
            18,
            15,
            4,
            8,
            8,
            12,
            26,
            16
        ],
        [
            7,
            12,
            7,
            8,
            8,
            5,
            16,
            10,
            12,
            5,
            10,
            3,
            13,
            14,
            13,
            7,
            14,
            0,
            18,
            9,
            10,
            9,
            7,
            14,
            14,
            7,
            10,
            11,
            6,
            13,
            6,
            14,
            9
        ],
        [
            19,
            7,
            18,
            23,
            14,
            19,
            12,
            27,
            8,
            23,
            23,
            17,
            16,
            13,
            11,
            20,
            22,
            18,
            0,
            17,
            10,
            20,
            22,
            19,
            16,
            25,
            9,
            20,
            19,
            15,
            23,
            14,
            9
        ],
        [
            15,
            13,
            3,
            7,
            5,
            14,
            9,
            14,
            14,
            12,
            19,
            7,
            20,
            7,
            18,
            4,
