{
    "_id_": "t=euclidean+d=7+c=3+n=05+v=3+o=100+r=09",
    "meta": {
        "t": "euclidean",
        "d": 7,
        "c": 3,
        "n": 5,
        "v": 3,
        "o": 100,
        "r": 9
    },
    "num_carriers": 3,
    "max_vehicle_load": 999999999,
    "max_tour_distance": 999999999,
    "max_tour_duration": 999999999,
    "carriers_max_num_tours": 3,
    "requests": [
        0,
        1,
        2,
        3,
        4,
        5,
        6,
        7,
        8,
        9,
        10,
        11,
        12,
        13,
        14
    ],
    "num_requests": 15,
    "num_requests_per_carrier": 5,
    "vertex_x_coords": [
        19.5,
        9.000000000000002,
        8.999999999999996,
        21.34353898188961,
        6.277020430353131,
        14.443187121087158,
        13.58125612789472,
        24.4858297072094,
        0.8170632447097009,
        8.64562792541438,
        13.998767280445437,
        12.949890542144745,
        3.0144222696587537,
        3.465223447870927,
        10.331080419504868,
        22.345558439159163,
        15.659477051654028,
        19.36668471137607
    ],
    "vertex_y_coords": [
        12.5,
        18.562177826491073,
        6.4378221735089305,
        1.4267490609034845,
        16.350663011790203,
        14.065149550757564,
        9.329219412588897,
        16.11715762630376,
        11.796598252707287,
        4.877325413025699,
        9.01209099595145,
        2.0676033054424807,
        21.8576154478384,
        4.248131322846313,
        5.449967507595852,
        15.173438872973582,
        9.947577054549631,
        9.268266502557458
    ],
    "request_to_carrier_assignment": [
        0,
        0,
        0,
        0,
        0,
        1,
        1,
        1,
        1,
        1,
        2,
        2,
        2,
        2,
        2
    ],
    "request_disclosure_time": [
        "0001-01-01T00:00:00",
        "0001-01-01T06:48:00",
        "0001-01-01T13:36:00",
        "0001-01-01T20:24:00",
        "0001-01-02T03:12:00",
        "0001-01-01T00:00:00",
        "0001-01-01T06:48:00",
        "0001-01-01T13:36:00",
        "0001-01-01T20:24:00",
        "0001-01-02T03:12:00",
        "0001-01-01T00:00:00",
        "0001-01-01T06:48:00",
        "0001-01-01T13:36:00",
        "0001-01-01T20:24:00",
        "0001-01-02T03:12:00"
    ],
    "vertex_revenue": [
        0,
        0,
        0,
        1,
        1,
        1,
        1,
        1,
        1,
        1,
        1,
        1,
        1,
        1,
        1,
        1,
        1,
        1
    ],
    "vertex_load": [
        0,
        0,
        0,
        1,
        1,
        1,
        1,
        1,
        1,
        1,
        1,
        1,
        1,
        1,
        1,
        1,
        1,
        1
    ],
    "vertex_service_duration": [
        0,
        0,
        0,
        240.0,
        240.0,
        240.0,
        240.0,
        240.0,
        240.0,
        240.0,
        240.0,
        240.0,
        240.0,
        240.0,
        240.0,
        240.0,
        240.0,
        240.0
    ],
    "tw_open": [
        "0001-01-02T10:00:00",
        "0001-01-02T10:00:00",
        "0001-01-02T10:00:00",
        "0001-01-02T10:00:00",
        "0001-01-02T10:00:00",
        "0001-01-02T10:00:00",
        "0001-01-02T10:00:00",
        "0001-01-02T10:00:00",
        "0001-01-02T10:00:00",
        "0001-01-02T10:00:00",
        "0001-01-02T10:00:00",
        "0001-01-02T10:00:00",
        "0001-01-02T10:00:00",
        "0001-01-02T10:00:00",
        "0001-01-02T10:00:00",
        "0001-01-02T10:00:00",
        "0001-01-02T10:00:00",
        "0001-01-02T10:00:00"
    ],
    "tw_close": [
        "0001-01-02T18:00:00",
        "0001-01-02T18:00:00",
        "0001-01-02T18:00:00",
        "0001-01-02T18:00:00",
        "0001-01-02T18:00:00",
        "0001-01-02T18:00:00",
        "0001-01-02T18:00:00",
        "0001-01-02T18:00:00",
        "0001-01-02T18:00:00",
        "0001-01-02T18:00:00",
        "0001-01-02T18:00:00",
        "0001-01-02T18:00:00",
        "0001-01-02T18:00:00",
        "0001-01-02T18:00:00",
        "0001-01-02T18:00:00",
        "0001-01-02T18:00:00",
        "0001-01-02T18:00:00",
        "0001-01-02T18:00:00"
    ],
    "_travel_duration_matrix": [
        [
            0.0,
            1455.0,
            1455.0,
            1348.0,
            1653.0,
            636.0,
            806.0,
            740.0,
            2244.0,
            1592.0,
            782.0,
            1479.0,
            2275.0,
            2165.0,
            1388.0,
            469.0,
            554.0,
            389.0
        ],
        [
            1455.0,
            0.0,
            1455.0,
            2535.0,
            421.0,
            848.0,
            1237.0,
            1882.0,
            1275.0,
            1643.0,
            1294.0,
            2036.0,
            820.0,
            1842.0,
            1582.0,
            1653.0,
            1307.0,
            1671.0
        ],
        [
            1455.0,
            1455.0,
            0.0,
            1599.0,
            1234.0,
            1125.0,
            651.0,
            2192.0,
            1174.0,
            193.0,
            675.0,
            707.0,
            1985.0,
            715.0,
            199.0,
            1915.0,
            904.0,
            1290.0
        ],
        [
            1348.0,
            2535.0,
            1599.0,
            0.0,
            2545.0,
            1728.0,
            1330.0,
            1803.0,
            2760.0,
            1580.0,
            1268.0,
            1011.0,
            3294.0,
            2172.0,
            1407.0,
            1654.0,
            1230.0,
            971.0
        ],
        [
            1653.0,
            421.0,
            1234.0,
            2545.0,
            0.0,
            1018.0,
            1216.0,
            2186.0,
            854.0,
            1406.0,
            1279.0,
            1892.0,
            769.0,
            1491.0,
            1396.0,
            1934.0,
            1364.0,
            1786.0
        ],
        [
            636.0,
            848.0,
            1125.0,
            1728.0,
            1018.0,
            0.0,
            578.0,
            1231.0,
            1658.0,
            1304.0,
            609.0,
            1451.0,
            1660.0,
            1768.0,
            1146.0,
            958.0,
            516.0,
            825.0
        ],
        [
            806.0,
            1237.0,
            651.0,
            1330.0,
            1216.0,
            578.0,
            0.0,
            1542.0,
            1561.0,
            798.0,
            63.0,
            875.0,
            1967.0,
            1359.0,
            608.0,
            1265.0,
            261.0,
            695.0
        ],
        [
            740.0,
            1882.0,
            2192.0,
            1803.0,
            2186.0,
            1231.0,
            1542.0,
            0.0,
            2888.0,
            2331.0,
            1521.0,
            2182.0,
            2668.0,
            2897.0,
            2127.0,
            281.0,
            1293.0,
            1027.0
        ],
        [
            2244.0,
            1275.0,
            1174.0,
            2760.0,
            854.0,
            1658.0,
            1561.0,
            2888.0,
            0.0,
            1254.0,
            1617.0,
            1867.0,
            1236.0,
            960.0,
            1373.0,
            2616.0,
            1795.0,
            2247.0
        ],
        [
            1592.0,
            1643.0,
            193.0,
            1580.0,
            1406.0,
            1304.0,
            798.0,
            2331.0,
            1254.0,
            0.0,
            812.0,
            617.0,
            2147.0,
            627.0,
            214.0,
            2057.0,
            1039.0,
            1391.0
        ],
        [
            782.0,
            1294.0,
            675.0,
            1268.0,
            1279.0,
            609.0,
            63.0,
            1521.0,
            1617.0,
            812.0,
            0.0,
            843.0,
            2029.0,
            1388.0,
            614.0,
            1245.0,
            229.0,
            645.0
        ],
        [
            1479.0,
            2036.0,
            707.0,
            1011.0,
            1892.0,
            1451.0,
            875.0,
            2182.0,
            1867.0,
            617.0,
            843.0,
            0.0,
            2658.0,
            1168.0,
            514.0,
            1936.0,
            1000.0,
            1158.0
        ],
        [
            2275.0,
            820.0,
            1985.0,
            3294.0,
            769.0,
            1660.0,
            1967.0,
            2668.0,
            1236.0,
            2147.0,
            2029.0,
            2658.0,
            0.0,
            2114.0,
            2156.0,
            2455.0,
            2085.0,
            2477.0
        ],
        [
            2165.0,
            1842.0,
            715.0,
            2172.0,
            1491.0,
            1768.0,
            1359.0,
            2897.0,
            960.0,
            627.0,
            1388.0,
            1168.0,
            2114.0,
            0.0,
            837.0,
            2618.0,
            1616.0,
            2002.0
        ],
        [
            1388.0,
            1582.0,
            199.0,
            1407.0,
            1396.0,
            1146.0,
            608.0,
            2127.0,
            1373.0,
            214.0,
            614.0,
            514.0,
            2156.0,
            837.0,
            0.0,
            1855.0,
            837.0,
            1178.0
        ],
        [
            469.0,
            1653.0,
            1915.0,
            1654.0,
            1934.0,
            958.0,
            1265.0,
            281.0,
            2616.0,
            2057.0,
            1245.0,
            1936.0,
            2455.0,
            2618.0,
            1855.0,
            0.0,
            1019.0,
            794.0
        ],
        [
            554.0,
            1307.0,
            904.0,
            1230.0,
            1364.0,
            516.0,
            261.0,
            1293.0,
            1795.0,
            1039.0,
            229.0,
            1000.0,
            2085.0,
            1616.0,
            837.0,
            1019.0,
            0.0,
            453.0
        ],
        [
            389.0,
            1671.0,
            1290.0,
            971.0,
            1786.0,
            825.0,
            695.0,
            1027.0,
            2247.0,
            1391.0,
            645.0,
            1158.0,
            2477.0,
            2002.0,
            1178.0,
            794.0,
            453.0,
            0.0
        ]
    ],
    "_travel_distance_matrix": [
        [
            0,
            13,
            13,
            12,
            14,
            6,
            7,
            7,
            19,
            14,
            7,
            13,
            19,
            19,
            12,
            4,
            5,
            4
        ],
        [
            13,
            0,
            13,
            22,
            4,
            8,
            11,
            16,
            11,
            14,
            11,
            17,
            7,
            16,
            14,
            14,
            11,
            14
        ],
        [
            13,
            13,
            0,
            14,
            11,
            10,
            6,
            19,
            10,
            2,
            6,
            6,
            17,
            6,
            2,
            16,
            8,
            11
        ],
        [
            12,
            22,
            14,
            0,
            22,
            15,
            12,
            16,
            23,
            14,
            11,
            9,
            28,
            19,
            12,
            14,
            11,
            9
        ],
        [
            14,
            4,
            11,
            22,
            0,
            9,
            11,
            19,
            8,
            12,
            11,
            16,
            7,
            13,
            12,
            17,
            12,
            15
        ],
        [
            6,
            8,
            10,
            15,
            9,
            0,
            5,
            11,
            14,
            11,
            6,
            13,
            14,
            15,
            10,
            8,
            5,
            7
        ],
        [
            7,
            11,
            6,
            12,
            11,
            5,
            0,
            13,
            14,
            7,
            1,
            8,
            17,
            12,
            6,
            11,
            3,
            6
        ],
        [
            7,
            16,
            19,
            16,
            19,
            11,
            13,
            0,
            25,
            20,
            13,
            19,
            23,
            25,
            18,
            3,
            11,
            9
        ],
        [
            19,
            11,
            10,
            23,
            8,
            14,
            14,
            25,
            0,
            11,
            14,
            16,
            11,
            8,
            12,
            22,
            15,
            19
        ],
        [
            14,
            14,
            2,
            14,
            12,
            11,
            7,
            20,
            11,
            0,
            7,
            6,
            18,
            6,
            2,
            18,
            9,
            12
        ],
        [
            7,
            11,
            6,
            11,
            11,
            6,
            1,
            13,
            14,
            7,
            0,
            8,
            17,
            12,
            6,
            11,
            2,
            6
        ],
        [
            13,
            17,
            6,
            9,
            16,
            13,
            8,
            19,
            16,
            6,
            8,
            0,
            23,
            10,
            5,
            17,
            9,
            10
        ],
        [
            19,
            7,
            17,
            28,
            7,
            14,
            17,
            23,
            11,
            18,
            17,
            23,
            0,
            18,
            18,
            21,
            18,
            21
        ],
        [
            19,
            16,
            6,
            19,
            13,
            15,
            12,
            25,
            8,
            6,
            12,
            10,
            18,
            0,
            7,
            22,
            14,
            17
        ],
        [
            12,
            14,
            2,
            12,
            12,
            10,
            6,
            18,
            12,
            2,
            6,
            5,
            18,
            7,
            0,
            16,
            7,
            10
        ],
        [
            4,
            14,
            16,
            14,
            17,
            8,
            11,
            3,
            22,
            18,
            11,
            17,
            21,
            22,
            16,
            0,
            9,
            7
        ],
        [
            5,
            11,
            8,
            11,
            12,
            5,
            3,
            11,
            15,
            9,
            2,
            9,
            18,
            14,
            7,
            9,
            0,
            4
        ],
        [
            4,
            14,
            11,
            9,
            15,
            7,
            6,
            9,
            19,
            12,
            6,
            10,
            21,
            17,
            10,
            7,
            4,
            0
        ]
    ]
}