{
    "_id_": "t=euclidean+d=7+c=3+n=05+v=3+o=100+r=16",
    "meta": {
        "t": "euclidean",
        "d": 7,
        "c": 3,
        "n": 5,
        "v": 3,
        "o": 100,
        "r": 16
    },
    "num_carriers": 3,
    "max_vehicle_load": 999999999,
    "max_tour_distance": 999999999,
    "max_tour_duration": 999999999,
    "carriers_max_num_tours": 3,
    "requests": [
        0,
        1,
        2,
        3,
        4,
        5,
        6,
        7,
        8,
        9,
        10,
        11,
        12,
        13,
        14
    ],
    "num_requests": 15,
    "num_requests_per_carrier": 5,
    "vertex_x_coords": [
        19.5,
        9.000000000000002,
        8.999999999999996,
        1.5616641933343307,
        7.483312001114956,
        7.913772567975452,
        23.994766273719563,
        6.700112115603804,
        22.934459215633012,
        23.72079447637657,
        20.093863254265738,
        14.6321218137658,
        9.101783629330779,
        2.230987489929728,
        20.342493954240137,
        23.909646899189315,
        20.187157176563343,
        13.309159344358104
    ],
    "vertex_y_coords": [
        12.5,
        18.562177826491073,
        6.4378221735089305,
        5.240819752246237,
        22.751425089822746,
        14.638110776382609,
        20.356035775125846,
        1.1897676344621022,
        4.480469037445298,
        10.702740585663213,
        7.851814869235138,
        10.523732581933201,
        21.892381488510452,
        15.058353667926589,
        4.03261874774985,
        17.905746505700765,
        5.682554894532582,
        13.870399061173377
    ],
    "request_to_carrier_assignment": [
        0,
        0,
        0,
        0,
        0,
        1,
        1,
        1,
        1,
        1,
        2,
        2,
        2,
        2,
        2
    ],
    "request_disclosure_time": [
        "0001-01-01T00:00:00",
        "0001-01-01T06:48:00",
        "0001-01-01T13:36:00",
        "0001-01-01T20:24:00",
        "0001-01-02T03:12:00",
        "0001-01-01T00:00:00",
        "0001-01-01T06:48:00",
        "0001-01-01T13:36:00",
        "0001-01-01T20:24:00",
        "0001-01-02T03:12:00",
        "0001-01-01T00:00:00",
        "0001-01-01T06:48:00",
        "0001-01-01T13:36:00",
        "0001-01-01T20:24:00",
        "0001-01-02T03:12:00"
    ],
    "vertex_revenue": [
        0,
        0,
        0,
        1,
        1,
        1,
        1,
        1,
        1,
        1,
        1,
        1,
        1,
        1,
        1,
        1,
        1,
        1
    ],
    "vertex_load": [
        0,
        0,
        0,
        1,
        1,
        1,
        1,
        1,
        1,
        1,
        1,
        1,
        1,
        1,
        1,
        1,
        1,
        1
    ],
    "vertex_service_duration": [
        0,
        0,
        0,
        240.0,
        240.0,
        240.0,
        240.0,
        240.0,
        240.0,
        240.0,
        240.0,
        240.0,
        240.0,
        240.0,
        240.0,
        240.0,
        240.0,
        240.0
    ],
    "tw_open": [
        "0001-01-02T10:00:00",
        "0001-01-02T10:00:00",
        "0001-01-02T10:00:00",
        "0001-01-02T10:00:00",
        "0001-01-02T10:00:00",
        "0001-01-02T10:00:00",
        "0001-01-02T10:00:00",
        "0001-01-02T10:00:00",
        "0001-01-02T10:00:00",
        "0001-01-02T10:00:00",
        "0001-01-02T10:00:00",
        "0001-01-02T10:00:00",
        "0001-01-02T10:00:00",
        "0001-01-02T10:00:00",
        "0001-01-02T10:00:00",
        "0001-01-02T10:00:00",
        "0001-01-02T10:00:00",
        "0001-01-02T10:00:00"
    ],
    "tw_close": [
        "0001-01-02T18:00:00",
        "0001-01-02T18:00:00",
        "0001-01-02T18:00:00",
        "0001-01-02T18:00:00",
        "0001-01-02T18:00:00",
        "0001-01-02T18:00:00",
        "0001-01-02T18:00:00",
        "0001-01-02T18:00:00",
        "0001-01-02T18:00:00",
        "0001-01-02T18:00:00",
        "0001-01-02T18:00:00",
        "0001-01-02T18:00:00",
        "0001-01-02T18:00:00",
        "0001-01-02T18:00:00",
        "0001-01-02T18:00:00",
        "0001-01-02T18:00:00",
        "0001-01-02T18:00:00",
        "0001-01-02T18:00:00"
    ],
    "_travel_duration_matrix": [
        [
            0.0,
            1455.0,
            1455.0,
            2323.0,
            1896.0,
            1414.0,
            1087.0,
            2050.0,
            1047.0,
            551.0,
            563.0,
            631.0,
            1682.0,
            2095.0,
            1022.0,
            838.0,
            823.0,
            761.0
        ],
        [
            1455.0,
            0.0,
            1455.0,
            1831.0,
            535.0,
            489.0,
            1813.0,
            2103.0,
            2378.0,
            2003.0,
            1851.0,
            1178.0,
            400.0,
            915.0,
            2212.0,
            1791.0,
            2048.0,
            765.0
        ],
        [
            1455.0,
            1455.0,
            0.0,
            905.0,
            1967.0,
            993.0,
            2456.0,
            688.0,
            1689.0,
            1840.0,
            1343.0,
            835.0,
            1855.0,
            1316.0,
            1392.0,
            2258.0,
            1346.0,
            1031.0
        ],
        [
            2323.0,
            1831.0,
            905.0,
            0.0,
            2219.0,
            1362.0,
            3247.0,
            786.0,
            2567.0,
            2739.0,
            2246.0,
            1692.0,
            2194.0,
            1181.0,
            2259.0,
            3083.0,
            2236.0,
            1750.0
        ],
        [
            1896.0,
            535.0,
            1967.0,
            2219.0,
            0.0,
            975.0,
            2003.0,
            2590.0,
            2872.0,
            2427.0,
            2343.0,
            1700.0,
            220.0,
            1118.0,
            2726.0,
            2056.0,
            2554.0,
            1275.0
        ],
        [
            1414.0,
            489.0,
            993.0,
            1362.0,
            975.0,
            0.0,
            2049.0,
            1621.0,
            2176.0,
            1955.0,
            1674.0,
            946.0,
            883.0,
            684.0,
            1961.0,
            1960.0,
            1824.0,
            654.0
        ],
        [
            1087.0,
            1813.0,
            2456.0,
            3247.0,
            2003.0,
            2049.0,
            0.0,
            3098.0,
            1910.0,
            1159.0,
            1572.0,
            1630.0,
            1797.0,
            2688.0,
            2008.0,
            295.0,
            1820.0,
            1500.0
        ],
        [
            2050.0,
            2103.0,
            688.0,
            786.0,
            2590.0,
            1621.0,
            3098.0,
            0.0,
            1988.0,
            2340.0,
            1796.0,
            1470.0,
            2501.0,
            1749.0,
            1673.0,
            2879.0,
            1706.0,
            1716.0
        ],
        [
            1047.0,
            2378.0,
            1689.0,
            2567.0,
            2872.0,
            2176.0,
            1910.0,
            1988.0,
            0.0,
            753.0,
            530.0,
            1233.0,
            2669.0,
            2790.0,
            316.0,
            1616.0,
            360.0,
            1614.0
        ],
        [
            551.0,
            2003.0,
            1840.0,
            2739.0,
            2427.0,
            1955.0,
            1159.0,
            2340.0,
            753.0,
            0.0,
            554.0,
            1091.0,
            2210.0,
            2632.0,
            898.0,
            865.0,
            737.0,
            1306.0
        ],
        [
            563.0,
            1851.0,
            1343.0,
            2246.0,
            2343.0,
            1674.0,
            1572.0,
            1796.0,
            530.0,
            554.0,
            0.0,
            730.0,
            2140.0,
            2312.0,
            460.0,
            1291.0,
            261.0,
            1089.0
        ],
        [
            631.0,
            1178.0,
            835.0,
            1692.0,
            1700.0,
            946.0,
            1630.0,
            1470.0,
            1233.0,
            1091.0,
            730.0,
            0.0,
            1518.0,
            1585.0,
            1038.0,
            1423.0,
            885.0,
            432.0
        ],
        [
            1682.0,
            400.0,
            1855.0,
            2194.0,
            220.0,
            883.0,
            1797.0,
            2501.0,
            2669.0,
            2210.0,
            2140.0,
            1518.0,
            0.0,
            1163.0,
            2533.0,
            1841.0,
            2357.0,
            1088.0
        ],
        [
            2095.0,
            915.0,
            1316.0,
            1181.0,
            1118.0,
            684.0,
            2688.0,
            1749.0,
            2790.0,
            2632.0,
            2312.0,
            1585.0,
            1163.0,
            0.0,
            2545.0,
            2624.0,
            2431.0,
            1338.0
        ],
        [
            1022.0,
            2212.0,
            1392.0,
            2259.0,
            2726.0,
            1961.0,
            2008.0,
            1673.0,
            316.0,
            898.0,
            460.0,
            1038.0,
            2533.0,
            2545.0,
            0.0,
            1719.0,
            199.0,
            1452.0
        ],
        [
            838.0,
            1791.0,
            2258.0,
            3083.0,
            2056.0,
            1960.0,
            295.0,
            2879.0,
            1616.0,
            865.0,
            1291.0,
            1423.0,
            1841.0,
            2624.0,
            1719.0,
            0.0,
            1534.0,
            1362.0
        ],
        [
            823.0,
            2048.0,
            1346.0,
            2236.0,
            2554.0,
            1824.0,
            1820.0,
            1706.0,
            360.0,
            737.0,
            261.0,
            885.0,
            2357.0,
            2431.0,
            199.0,
            1534.0,
            0.0,
            1284.0
        ],
        [
            761.0,
            765.0,
            1031.0,
            1750.0,
            1275.0,
            654.0,
            1500.0,
            1716.0,
            1614.0,
            1306.0,
            1089.0,
            432.0,
            1088.0,
            1338.0,
            1452.0,
            1362.0,
            1284.0,
            0.0
        ]
    ],
    "_travel_distance_matrix": [
        [
            0,
            13,
            13,
            20,
            16,
            12,
            10,
            18,
            9,
            5,
            5,
            6,
            15,
            18,
            9,
            7,
            7,
            7
        ],
        [
            13,
            0,
            13,
            16,
            5,
            5,
            16,
            18,
            20,
            17,
            16,
            10,
            4,
            8,
            19,
            15,
            18,
            7
        ],
        [
            13,
            13,
            0,
            8,
            17,
            9,
            21,
            6,
            15,
            16,
            12,
            7,
            16,
            11,
            12,
            19,
            12,
            9
        ],
        [
            20,
            16,
            8,
            0,
            19,
            12,
            28,
            7,
            22,
            23,
            19,
            15,
            19,
            10,
            19,
            26,
            19,
            15
        ],
        [
            16,
            5,
            17,
            19,
            0,
            9,
            17,
            22,
            24,
            21,
            20,
            15,
            2,
            10,
            23,
            18,
            22,
            11
        ],
        [
            12,
            5,
            9,
            12,
            9,
            0,
            18,
            14,
            19,
            17,
            14,
            8,
            8,
            6,
            17,
            17,
            16,
            6
        ],
        [
            10,
            16,
            21,
            28,
            17,
            18,
            0,
            26,
            16,
            10,
            14,
            14,
            15,
            23,
            17,
            3,
            16,
            13
        ],
        [
            18,
            18,
            6,
            7,
            22,
            14,
            26,
            0,
            17,
            20,
            15,
            13,
            21,
            15,
            14,
            24,
            15,
            15
        ],
        [
            9,
            20,
            15,
            22,
            24,
            19,
            16,
            17,
            0,
            7,
            5,
            11,
            23,
            24,
            3,
            14,
            3,
            14
        ],
        [
            5,
            17,
            16,
            23,
            21,
            17,
            10,
            20,
            7,
            0,
            5,
            10,
            19,
            22,
            8,
            8,
            7,
            11
        ],
        [
            5,
            16,
            12,
            19,
            20,
            14,
            14,
            15,
            5,
            5,
            0,
            7,
            18,
            20,
            4,
            11,
            3,
            10
        ],
        [
            6,
            10,
            7,
            15,
            15,
            8,
            14,
            13,
            11,
            10,
            7,
            0,
            13,
            14,
            9,
            12,
            8,
            4
        ],
        [
            15,
            4,
            16,
            19,
            2,
            8,
            15,
            21,
            23,
            19,
            18,
            13,
            0,
            10,
            22,
            16,
            20,
            10
        ],
        [
            18,
            8,
            11,
            10,
            10,
            6,
            23,
            15,
            24,
            22,
            20,
            14,
            10,
            0,
            22,
            22,
            21,
            12
        ],
        [
            9,
            19,
            12,
            19,
            23,
            17,
            17,
            14,
            3,
            8,
            4,
            9,
            22,
            22,
            0,
            15,
            2,
            13
        ],
        [
            7,
            15,
            19,
            26,
            18,
            17,
            3,
            24,
            14,
            8,
            11,
            12,
            16,
            22,
            15,
            0,
            13,
            12
        ],
        [
            7,
            18,
            12,
            19,
            22,
            16,
            16,
            15,
            3,
            7,
            3,
            8,
            20,
            21,
            2,
            13,
            0,
            11
        ],
        [
            7,
            7,
            9,
            15,
            11,
            6,
            13,
            15,
            14,
            11,
            10,
            4,
            10,
            12,
            13,
            12,
            11,
            0
        ]
    ]
}