{
    "_id_": "t=euclidean+d=7+c=3+n=10+v=3+o=100+r=12",
    "meta": {
        "t": "euclidean",
        "d": 7,
        "c": 3,
        "n": 10,
        "v": 3,
        "o": 100,
        "r": 12
    },
    "num_carriers": 3,
    "max_vehicle_load": 999999999,
    "max_tour_distance": 999999999,
    "max_tour_duration": 999999999,
    "carriers_max_num_tours": 3,
    "requests": [
        0,
        1,
        2,
        3,
        4,
        5,
        6,
        7,
        8,
        9,
        10,
        11,
        12,
        13,
        14,
        15,
        16,
        17,
        18,
        19,
        20,
        21,
        22,
        23,
        24,
        25,
        26,
        27,
        28,
        29
    ],
    "num_requests": 30,
    "num_requests_per_carrier": 10,
    "vertex_x_coords": [
        19.5,
        9.000000000000002,
        8.999999999999996,
        16.479482523339183,
        10.839173307724383,
        1.9925582425735722,
        23.014558084622443,
        12.766058294310684,
        21.746396267877802,
        20.49031437115749,
        2.6931633323118738,
        24.45554919326853,
        7.785609169674023,
        24.82428119760587,
        13.430877025710702,
        7.340385971230759,
        14.513026368386853,
        9.408056754631147,
        23.136224852095907,
        0.35497088530631327,
        22.37784050980806,
        9.733886326453863,
        4.6535064735622464,
        15.886750384218177,
        23.962551999974302,
        17.007689306987732,
        16.42137898713202,
        2.1217149685970242,
        17.82695705148164,
        7.406623834487791,
        16.1447644854468,
        3.9491141635130482,
        17.13510628791341
    ],
    "vertex_y_coords": [
        12.5,
        18.562177826491073,
        6.4378221735089305,
        11.80290628537134,
        10.098348372523091,
        14.662432590613223,
        21.0718460790907,
        10.31893811278678,
        8.656978675540794,
        17.46273944429789,
        6.277909203928211,
        1.16827116235112,
        0.6057343405234422,
        24.15408166160901,
        24.726485747159163,
        1.4842089600750563,
        6.112081770077335,
        9.611807437842716,
        19.117704413164475,
        22.05070506724004,
        4.7484279626120145,
        13.73492850262305,
        2.9261826414940852,
        3.159473056077547,
        0.014713183058581714,
        18.54098084478854,
        24.558322643229484,
        16.302559684103137,
        15.703483583895123,
        17.50185154222911,
        7.028901097123391,
        21.388827876019377,
        19.389603644086765
    ],
    "request_to_carrier_assignment": [
        0,
        0,
        0,
        0,
        0,
        0,
        0,
        0,
        0,
        0,
        1,
        1,
        1,
        1,
        1,
        1,
        1,
        1,
        1,
        1,
        2,
        2,
        2,
        2,
        2,
        2,
        2,
        2,
        2,
        2
    ],
    "request_disclosure_time": [
        "0001-01-01T00:00:00",
        "0001-01-01T03:24:00",
        "0001-01-01T06:48:00",
        "0001-01-01T10:12:00",
        "0001-01-01T13:36:00",
        "0001-01-01T17:00:00",
        "0001-01-01T20:24:00",
        "0001-01-01T23:48:00",
        "0001-01-02T03:12:00",
        "0001-01-02T06:36:00",
        "0001-01-01T00:00:00",
        "0001-01-01T03:24:00",
        "0001-01-01T06:48:00",
        "0001-01-01T10:12:00",
        "0001-01-01T13:36:00",
        "0001-01-01T17:00:00",
        "0001-01-01T20:24:00",
        "0001-01-01T23:48:00",
        "0001-01-02T03:12:00",
        "0001-01-02T06:36:00",
        "0001-01-01T00:00:00",
        "0001-01-01T03:24:00",
        "0001-01-01T06:48:00",
        "0001-01-01T10:12:00",
        "0001-01-01T13:36:00",
        "0001-01-01T17:00:00",
        "0001-01-01T20:24:00",
        "0001-01-01T23:48:00",
        "0001-01-02T03:12:00",
        "0001-01-02T06:36:00"
    ],
    "vertex_revenue": [
        0,
        0,
        0,
        1,
        1,
        1,
        1,
        1,
        1,
        1,
        1,
        1,
        1,
        1,
        1,
        1,
        1,
        1,
        1,
        1,
        1,
        1,
        1,
        1,
        1,
        1,
        1,
        1,
        1,
        1,
        1,
        1,
        1
    ],
    "vertex_load": [
        0,
        0,
        0,
        1,
        1,
        1,
        1,
        1,
        1,
        1,
        1,
        1,
        1,
        1,
        1,
        1,
        1,
        1,
        1,
        1,
        1,
        1,
        1,
        1,
        1,
        1,
        1,
        1,
        1,
        1,
        1,
        1,
        1
    ],
    "vertex_service_duration": [
        0,
        0,
        0,
        240.0,
        240.0,
        240.0,
        240.0,
        240.0,
        240.0,
        240.0,
        240.0,
        240.0,
        240.0,
        240.0,
        240.0,
        240.0,
        240.0,
        240.0,
        240.0,
        240.0,
        240.0,
        240.0,
        240.0,
        240.0,
        240.0,
        240.0,
        240.0,
        240.0,
        240.0,
        240.0,
        240.0,
        240.0,
        240.0
    ],
    "tw_open": [
        "0001-01-02T10:00:00",
        "0001-01-02T10:00:00",
        "0001-01-02T10:00:00",
        "0001-01-02T10:00:00",
        "0001-01-02T10:00:00",
        "0001-01-02T10:00:00",
        "0001-01-02T10:00:00",
        "0001-01-02T10:00:00",
        "0001-01-02T10:00:00",
        "0001-01-02T10:00:00",
        "0001-01-02T10:00:00",
        "0001-01-02T10:00:00",
        "0001-01-02T10:00:00",
        "0001-01-02T10:00:00",
        "0001-01-02T10:00:00",
        "0001-01-02T10:00:00",
        "0001-01-02T10:00:00",
        "0001-01-02T10:00:00",
        "0001-01-02T10:00:00",
        "0001-01-02T10:00:00",
        "0001-01-02T10:00:00",
        "0001-01-02T10:00:00",
        "0001-01-02T10:00:00",
        "0001-01-02T10:00:00",
        "0001-01-02T10:00:00",
        "0001-01-02T10:00:00",
        "0001-01-02T10:00:00",
        "0001-01-02T10:00:00",
        "0001-01-02T10:00:00",
        "0001-01-02T10:00:00",
        "0001-01-02T10:00:00",
        "0001-01-02T10:00:00",
        "0001-01-02T10:00:00"
    ],
    "tw_close": [
        "0001-01-02T18:00:00",
        "0001-01-02T18:00:00",
        "0001-01-02T18:00:00",
        "0001-01-02T18:00:00",
        "0001-01-02T18:00:00",
        "0001-01-02T18:00:00",
        "0001-01-02T18:00:00",
        "0001-01-02T18:00:00",
        "0001-01-02T18:00:00",
        "0001-01-02T18:00:00",
        "0001-01-02T18:00:00",
        "0001-01-02T18:00:00",
        "0001-01-02T18:00:00",
        "0001-01-02T18:00:00",
        "0001-01-02T18:00:00",
        "0001-01-02T18:00:00",
        "0001-01-02T18:00:00",
        "0001-01-02T18:00:00",
        "0001-01-02T18:00:00",
        "0001-01-02T18:00:00",
        "0001-01-02T18:00:00",
        "0001-01-02T18:00:00",
        "0001-01-02T18:00:00",
        "0001-01-02T18:00:00",
        "0001-01-02T18:00:00",
        "0001-01-02T18:00:00",
        "0001-01-02T18:00:00",
        "0001-01-02T18:00:00",
        "0001-01-02T18:00:00",
        "0001-01-02T18:00:00",
        "0001-01-02T18:00:00",
        "0001-01-02T18:00:00",
        "0001-01-02T18:00:00"
    ],
    "_travel_duration_matrix": [
        [
            0.0,
            1455.0,
            1455.0,
            372.0,
            1079.0,
            2117.0,
            1112.0,
            850.0,
            535.0,
            608.0,
            2151.0,
            1485.0,
            2004.0,
            1538.0,
            1638.0,
            1969.0,
            973.0,
            1260.0,
            907.0,
            2568.0,
            993.0,
            1182.0,
            2120.0,
            1202.0,
            1592.0,
            785.0,
            1494.0,
            2135.0,
            434.0,
            1571.0,
            771.0,
            2150.0,
            875.0
        ],
        [
            1455.0,
            0.0,
            1455.0,
            1210.0,
            1040.0,
            963.0,
            1709.0,
            1088.0,
            1938.0,
            1386.0,
            1658.0,
            2793.0,
            2160.0,
            2014.0,
            911.0,
            2060.0,
            1634.0,
            1076.0,
            1698.0,
            1119.0,
            2308.0,
            586.0,
            1948.0,
            2025.0,
            2860.0,
            961.0,
            1145.0,
            869.0,
            1114.0,
            230.0,
            1629.0,
            695.0,
            982.0
        ],
        [
            1455.0,
            1455.0,
            0.0,
            1105.0,
            492.0,
            1297.0,
            2432.0,
            649.0,
            1553.0,
            1911.0,
            758.0,
            1960.0,
            715.0,
            2851.0,
            2259.0,
            627.0,
            663.0,
            385.0,
            2279.0,
            2142.0,
            1619.0,
            881.0,
            671.0,
            916.0,
            1954.0,
            1742.0,
            2350.0,
            1444.0,
            1536.0,
            1342.0,
            861.0,
            1894.0,
            1836.0
        ],
        [
            372.0,
            1210.0,
            1105.0,
            0.0,
            708.0,
            1772.0,
            1361.0,
            480.0,
            737.0,
            833.0,
            1783.0,
            1596.0,
            1702.0,
            1789.0,
            1594.0,
            1655.0,
            723.0,
            889.0,
            1187.0,
            2293.0,
            1104.0,
            843.0,
            1775.0,
            1040.0,
            1676.0,
            812.0,
            1531.0,
            1806.0,
            496.0,
            1286.0,
            575.0,
            1894.0,
            914.0
        ],
        [
            1079.0,
            1040.0,
            492.0,
            708.0,
            0.0,
            1195.0,
            1967.0,
            233.0,
            1321.0,
            1457.0,
            1080.0,
            1955.0,
            1197.0,
            2380.0,
            1783.0,
            1116.0,
            651.0,
            182.0,
            1831.0,
            1908.0,
            1527.0,
            457.0,
            1137.0,
            1030.0,
            1987.0,
            1255.0,
            1861.0,
            1284.0,
            1075.0,
            980.0,
            736.0,
            1588.0,
            1347.0
        ],
        [
            2117.0,
            963.0,
            1297.0,
            1772.0,
            1195.0,
            0.0,
            2638.0,
            1394.0,
            2478.0,
            2246.0,
            1010.0,
            3145.0,
            1825.0,
            2968.0,
            1829.0,
            1707.0,
            1820.0,
            1077.0,
            2593.0,
            909.0,
            2721.0,
            936.0,
            1445.0,
            2165.0,
            3169.0,
            1861.0,
            2100.0,
            198.0,
            1905.0,
            734.0,
            1930.0,
            841.0,
            1904.0
        ],
        [
            1112.0,
            1709.0,
            2432.0,
            1361.0,
            1967.0,
            2638.0,
            0.0,
            1783.0,
            1498.0,
            529.0,
            3017.0,
            2395.0,
            3062.0,
            429.0,
            1231.0,
            3011.0,
            2065.0,
            2135.0,
            235.0,
            2722.0,
            1961.0,
            1821.0,
            3098.0,
            2314.0,
            2530.0,
            783.0,
            895.0,
            2572.0,
            896.0,
            1922.0,
            1876.0,
            2289.0,
            734.0
        ],
        [
            850.0,
            1088.0,
            649.0,
            480.0,
            233.0,
            1394.0,
            1783.0,
            0.0,
            1096.0,
            1263.0,
            1303.0,
            1782.0,
            1310.0,
            2203.0,
            1731.0,
            1245.0,
            547.0,
            412.0,
            1632.0,
            2050.0,
            1334.0,
            549.0,
            1318.0,
            938.0,
            1826.0,
            1111.0,
            1765.0,
            1466.0,
            887.0,
            1076.0,
            566.0,
            1699.0,
            1209.0
        ],
        [
            535.0,
            1938.0,
            1553.0,
            737.0,
            1321.0,
            2478.0,
            1498.0,
            1096.0,
            0.0,
            1068.0,
            2305.0,
            956.0,
            1934.0,
            1896.0,
            2172.0,
            1932.0,
            921.0,
            1486.0,
            1267.0,
            3029.0,
            476.0,
            1566.0,
            2164.0,
            965.0,
            1071.0,
            1316.0,
            2013.0,
            2528.0,
            968.0,
            2022.0,
            701.0,
            2626.0,
            1402.0
        ],
        [
            608.0,
            1386.0,
            1911.0,
            833.0,
            1457.0,
            2246.0,
            529.0,
            1263.0,
            1068.0,
            0.0,
            2523.0,
            2013.0,
            2534.0,
            957.0,
            1216.0,
            2484.0,
            1540.0,
            1630.0,
            375.0,
            2479.0,
            1543.0,
            1367.0,
            2580.0,
            1804.0,
            2135.0,
            438.0,
            982.0,
            2209.0,
            384.0,
            1571.0,
            1357.0,
            2041.0,
            465.0
        ],
        [
            2151.0,
            1658.0,
            758.0,
            1783.0,
            1080.0,
            1010.0,
            3017.0,
            1303.0,
            2305.0,
            2523.0,
            0.0,
            2683.0,
            915.0,
            3414.0,
            2562.0,
            802.0,
            1419.0,
            900.0,
            2897.0,
            1914.0,
            2370.0,
            1231.0,
            466.0,
            1627.0,
            2661.0,
            2262.0,
            2744.0,
            1205.0,
            2140.0,
            1461.0,
            1617.0,
            1820.0,
            2341.0
        ],
        [
            1485.0,
            2793.0,
            1960.0,
            1596.0,
            1955.0,
            3145.0,
            2395.0,
            1782.0,
            956.0,
            2013.0,
            2683.0,
            0.0,
            2002.0,
            2759.0,
            3122.0,
            2055.0,
            1333.0,
            2071.0,
            2160.0,
            3827.0,
            497.0,
            2323.0,
            2386.0,
            1056.0,
            151.0,
            2269.0,
            2968.0,
            3238.0,
            1918.0,
            2834.0,
            1221.0,
            3456.0,
            2357.0
        ],
        [
            2004.0,
            2160.0,
            715.0,
            1702.0,
            1197.0,
            1825.0,
            3062.0,
            1310.0,
            1934.0,
            2534.0,
            915.0,
            2002.0,
            0.0,
            3488.0,
            2973.0,
            119.0,
            1044.0,
            1099.0,
            2886.0,
            2724.0,
            1821.0,
            1593.0,
            468.0,
            1020.0,
            1943.0,
            2421.0,
            3056.0,
            2003.0,
            2176.0,
            2029.0,
            1266.0,
            2537.0,
            2518.0
        ],
        [
            1538.0,
            2014.0,
            2851.0,
            1789.0,
            2380.0,
            2968.0,
            429.0,
            2203.0,
            1896.0,
            957.0,
            3414.0,
            2759.0,
            3488.0,
            0.0,
            1369.0,
            3436.0,
            2494.0,
            2544.0,
            638.0,
            2948.0,
            2348.0,
            2201.0,
            3514.0,
            2739.0,
            2899.0,
            1155.0,
            1010.0,
            2883.0,
            1317.0,
            2238.0,
            2304.0,
            2527.0,
            1086.0
        ],
        [
            1638.0,
            911.0,
            2259.0,
            1594.0,
            1783.0,
            1829.0,
            1231.0,
            1731.0,
            2172.0,
            1216.0,
            2562.0,
            3122.0,
            2973.0,
            1369.0,
            0.0,
            2884.0,
            2238.0,
            1877.0,
            1346.0,
            1602.0,
            2627.0,
            1392.0,
            2821.0,
            2605.0,
            3224.0,
            858.0,
            360.0,
            1693.0,
            1205.0,
            1129.0,
            2149.0,
            1207.0,
            780.0
        ],
        [
            1969.0,
            2060.0,
            627.0,
            1655.0,
            1116.0,
            1707.0,
            3011.0,
            1245.0,
            1932.0,
            2484.0,
            802.0,
            2055.0,
            119.0,
            3436.0,
            2884.0,
            0.0,
            1025.0,
            1007.0,
            2841.0,
            2607.0,
            1847.0,
            1498.0,
            366.0,
            1046.0,
            2003.0,
            2353.0,
            2976.0,
            1886.0,
            2121.0,
            1923.0,
            1249.0,
            2423.0,
            2450.0
        ],
        [
            973.0,
            1634.0,
            663.0,
            723.0,
            651.0,
            1820.0,
            2065.0,
            547.0,
            921.0,
            1540.0,
            1419.0,
            1333.0,
            1044.0,
            2494.0,
            2238.0,
            1025.0,
            0.0,
            743.0,
            1873.0,
            2559.0,
            958.0,
            1080.0,
            1244.0,
            391.0,
            1350.0,
            1522.0,
            2226.0,
            1926.0,
            1218.0,
            1611.0,
            225.0,
            2229.0,
            1625.0
        ],
        [
            1260.0,
            1076.0,
            385.0,
            889.0,
            182.0,
            1077.0,
            2135.0,
            412.0,
            1486.0,
            1630.0,
            900.0,
            2071.0,
            1099.0,
            2544.0,
            1877.0,
            1007.0,
            743.0,
            0.0,
            2004.0,
            1847.0,
            1663.0,
            497.0,
            985.0,
            1098.0,
            2093.0,
            1408.0,
            1982.0,
            1188.0,
            1247.0,
            977.0,
            866.0,
            1558.0,
            1496.0
        ],
        [
            907.0,
            1698.0,
            2279.0,
            1187.0,
            1831.0,
            2593.0,
            235.0,
            1632.0,
            1267.0,
            375.0,
            2897.0,
            2160.0,
            2886.0,
            638.0,
            1346.0,
            2841.0,
            1873.0,
            2004.0,
            0.0,
            2757.0,
            1727.0,
            1734.0,
            2949.0,
            2104.0,
            2295.0,
            739.0,
            1038.0,
            2545.0,
            758.0,
            1898.0,
            1676.0,
            2319.0,
            721.0
        ],
        [
            2568.0,
            1119.0,
            2142.0,
            2293.0,
            1908.0,
            909.0,
            2722.0,
            2050.0,
            3029.0,
            2479.0,
            1914.0,
            3827.0,
            2724.0,
            2948.0,
            1602.0,
            2607.0,
            2559.0,
            1847.0,
            2757.0,
            0.0,
            3361.0,
            1505.0,
            2353.0,
            2935.0,
            3876.0,
            2043.0,
            1952.0,
            722.0,
            2231.0,
            1007.0,
            2616.0,
            439.0,
            2039.0
        ],
        [
            993.0,
            2308.0,
            1619.0,
            1104.0,
            1527.0,
            2721.0,
            1961.0,
            1334.0,
            476.0,
            1543.0,
            2370.0,
            497.0,
            1821.0,
            2348.0,
            2627.0,
            1847.0,
            958.0,
            1663.0,
            1727.0,
            3361.0,
            0.0,
            1862.0,
            2139.0,
            802.0,
            600.0,
            1777.0,
            2483.0,
            2799.0,
            1424.0,
            2361.0,
            797.0,
            2980.0,
            1867.0
        ],
        [
            1182.0,
            586.0,
            881.0,
            843.0,
            457.0,
            936.0,
            1821.0,
            549.0,
            1566.0,
            1367.0,
            1231.0,
            2323.0,
            1593.0,
            2201.0,
            1392.0,
            1498.0,
            1080.0,
            497.0,
            1734.0,
            1505.0,
            1862.0,
            0.0,
            1434.0,
            1469.0,
            2372.0,
            1047.0,
            1527.0,
            965.0,
            1000.0,
            532.0,
            1114.0,
            1152.0,
            1118.0
        ],
        [
            2120.0,
            1948.0,
            671.0,
            1775.0,
            1137.0,
            1445.0,
            3098.0,
            1318.0,
            2164.0,
            2580.0,
            466.0,
            2386.0,
            468.0,
            3514.0,
            2821.0,
            366.0,
            1244.0,
            985.0,
            2949.0,
            2353.0,
            2139.0,
            1434.0,
            0.0,
            1349.0,
            2344.0,
            2390.0,
            2956.0,
            1634.0,
            2203.0,
            1781.0,
            1465.0,
            2218.0,
            2480.0
        ],
        [
            1202.0,
            2025.0,
            916.0,
            1040.0,
            1030.0,
            2165.0,
            2314.0,
            938.0,
            965.0,
            1804.0,
            1627.0,
            1056.0,
            1020.0,
            2739.0,
            2605.0,
            1046.0,
            391.0,
            1098.0,
            2104.0,
            2935.0,
            802.0,
            1469.0,
            1349.0,
            0.0,
            1040.0,
            1851.0,
            2569.0,
            2284.0,
            1524.0,
            2000.0,
            466.0,
            2615.0,
            1954.0
        ],
        [
            1592.0,
            2860.0,
            1954.0,
            1676.0,
            1987.0,
            3169.0,
            2530.0,
            1826.0,
            1071.0,
            2135.0,
            2661.0,
            151.0,
            1943.0,
            2899.0,
            3224.0,
            2003.0,
            1350.0,
            2093.0,
            2295.0,
            3876.0,
            600.0,
            2372.0,
            2344.0,
            1040.0,
            0.0,
            2375.0,
            3082.0,
            3270.0,
            2022.0,
            2890.0,
            1261.0,
            3514.0,
            2466.0
        ],
        [
            785.0,
            961.0,
            1742.0,
            812.0,
            1255.0,
            1861.0,
            783.0,
            1111.0,
            1316.0,
            438.0,
            2262.0,
            2269.0,
            2421.0,
            1155.0,
            858.0,
            2353.0,
            1522.0,
            1408.0,
            739.0,
            2043.0,
            1777.0,
            1047.0,
            2390.0,
            1851.0,
            2375.0,
            0.0,
            726.0,
            1807.0,
            355.0,
            1159.0,
            1386.0,
            1604.0,
            103.0
        ],
        [
            1494.0,
            1145.0,
            2350.0,
            1531.0,
            1861.0,
            2100.0,
            895.0,
            1765.0,
            2013.0,
            982.0,
            2744.0,
            2968.0,
            3056.0,
            1010.0,
            360.0,
            2976.0,
            2226.0,
            1982.0,
            1038.0,
            1952.0,
            2483.0,
            1527.0,
            2956.0,
            2569.0,
            3082.0,
            726.0,
            0.0,
            1982.0,
            1076.0,
            1374.0,
            2104.0,
            1545.0,
            627.0
        ],
        [
            2135.0,
            869.0,
            1444.0,
            1806.0,
            1284.0,
            198.0,
            2572.0,
            1466.0,
            2528.0,
            2209.0,
            1205.0,
            3238.0,
            2003.0,
            2883.0,
            1693.0,
            1886.0,
            1926.0,
            1188.0,
            2545.0,
            722.0,
            2799.0,
            965.0,
            1634.0,
            2284.0,
            3270.0,
            1807.0,
            1982.0,
            0.0,
            1886.0,
            651.0,
            2018.0,
            649.0,
            1840.0
        ],
        [
            434.0,
            1114.0,
            1536.0,
            496.0,
            1075.0,
            1905.0,
            896.0,
            887.0,
            968.0,
            384.0,
            2140.0,
            1918.0,
            2176.0,
            1317.0,
            1205.0,
            2121.0,
            1218.0,
            1247.0,
            758.0,
            2231.0,
            1424.0,
            1000.0,
            2203.0,
            1524.0,
            2022.0,
            355.0,
            1076.0,
            1886.0,
            0.0,
            1269.0,
            1061.0,
            1800.0,
            451.0
        ],
        [
            1571.0,
            230.0,
            1342.0,
            1286.0,
            980.0,
            734.0,
            1922.0,
            1076.0,
            2022.0,
            1571.0,
            1461.0,
            2834.0,
            2029.0,
            2238.0,
            1129.0,
            1923.0,
            1611.0,
            977.0,
            1898.0,
            1007.0,
            2361.0,
            532.0,
            1781.0,
            2000.0,
            2890.0,
            1159.0,
            1374.0,
            651.0,
            1269.0,
            0.0,
            1637.0,
            625.0,
            1190.0
        ],
        [
            771.0,
            1629.0,
            861.0,
            575.0,
            736.0,
            1930.0,
            1876.0,
            566.0,
            701.0,
            1357.0,
            1617.0,
            1221.0,
            1266.0,
            2304.0,
            2149.0,
            1249.0,
            225.0,
            866.0,
            1676.0,
            2616.0,
            797.0,
            1114.0,
            1465.0,
            466.0,
            1261.0,
            1386.0,
            2104.0,
            2018.0,
            1061.0,
            1637.0,
            0.0,
            2261.0,
            1489.0
        ],
        [
            2150.0,
            695.0,
            1894.0,
            1894.0,
            1588.0,
            841.0,
            2289.0,
            1699.0,
            2626.0,
            2041.0,
            1820.0,
            3456.0,
            2537.0,
            2527.0,
            1207.0,
            2423.0,
            2229.0,
            1558.0,
            2319.0,
            439.0,
            2980.0,
            1152.0,
            2218.0,
            2615.0,
            3514.0,
            1604.0,
            1545.0,
            649.0,
            1800.0,
            625.0,
            2261.0,
            0.0,
            1601.0
        ],
        [
            875.0,
            982.0,
            1836.0,
            914.0,
            1347.0,
            1904.0,
            734.0,
            1209.0,
            1402.0,
            465.0,
            2341.0,
            2357.0,
            2518.0,
            1086.0,
            780.0,
            2450.0,
            1625.0,
            1496.0,
            721.0,
            2039.0,
            1867.0,
            1118.0,
            2480.0,
            1954.0,
            2466.0,
            103.0,
            627.0,
            1840.0,
            451.0,
            1190.0,
            1489.0,
            1601.0,
            0.0
        ]
    ],
    "_travel_distance_matrix": [
        [
            0,
            13,
            13,
            4,
            9,
            18,
            10,
            8,
            5,
            6,
            18,
            13,
            17,
            13,
            14,
            17,
            9,
            11,
            8,
            22,
            9,
            10,
            18,
            11,
            14,
            7,
            13,
            18,
            4,
            14,
            7,
            18,
            8
        ],
        [
            13,
            0,
            13,
            11,
            9,
            9,
            15,
            10,
            17,
            12,
            14,
            24,
            18,
            17,
            8,
            18,
            14,
            9,
            15,
            10,
            20,
            5,
            17,
            17,
            24,
            9,
            10,
            8,
            10,
            2,
            14,
            6,
            9
        ],
        [
            13,
            13,
            0,
            10,
            5,
            11,
            21,
            6,
            13,
            16,
            7,
            17,
            6,
            24,
            19,
            6,
            6,
            4,
            19,
            18,
            14,
            8,
            6,
            8,
            17,
            15,
            20,
            13,
            13,
            12,
            8,
            16,
            16
        ],
        [
            4,
            11,
            10,
            0,
            6,
            15,
            12,
            4,
            7,
            7,
            15,
            14,
            15,
            15,
            14,
            14,
            7,
            8,
            10,
            20,
            10,
            8,
            15,
            9,
            14,
            7,
            13,
            16,
            5,
            11,
            5,
            16,
            8
        ],
        [
            9,
            9,
            5,
            6,
            0,
            10,
            17,
            2,
            12,
            13,
            9,
            17,
            10,
            20,
            15,
            10,
            6,
            2,
            16,
            16,
            13,
            4,
            10,
            9,
            17,
            11,
            16,
            11,
            9,
            9,
            7,
            14,
            12
        ],
        [
            18,
            9,
            11,
            15,
            10,
            0,
            22,
            12,
            21,
            19,
            9,
            27,
            16,
            25,
            16,
            15,
            16,
            9,
            22,
            8,
            23,
            8,
            13,
            19,
            27,
            16,
            18,
            2,
            16,
            7,
            17,
            8,
            16
        ],
        [
            10,
            15,
            21,
            12,
            17,
            22,
            0,
            15,
            13,
            5,
            26,
            20,
            26,
            4,
            11,
            26,
            18,
            18,
            2,
            23,
            17,
            16,
            26,
            20,
            22,
            7,
            8,
            22,
            8,
            17,
            16,
            20,
            7
        ],
        [
            8,
            10,
            6,
            4,
            2,
            12,
            15,
            0,
            10,
            11,
            11,
            15,
            11,
            19,
            15,
            11,
            5,
            4,
            14,
            18,
            12,
            5,
            11,
            8,
            16,
            10,
            15,
            13,
            8,
            9,
            5,
            15,
            11
        ],
        [
            5,
            17,
            13,
            7,
            12,
            21,
            13,
            10,
            0,
            9,
            20,
            8,
            17,
            16,
            19,
            17,
            8,
            13,
            11,
            26,
            4,
            14,
            19,
            9,
            9,
            11,
            17,
            22,
            9,
            17,
            6,
            22,
            12
        ],
        [
            6,
            12,
            16,
            7,
            13,
            19,
            5,
            11,
            9,
            0,
            22,
            17,
            22,
            8,
            11,
            21,
            13,
            14,
            4,
            21,
            13,
            12,
            22,
            16,
            18,
            4,
            9,
            19,
            4,
            14,
            12,
            18,
            4
        ],
        [
            18,
            14,
            7,
            15,
            9,
            9,
            26,
            11,
            20,
            22,
            0,
            23,
            8,
            29,
            22,
            7,
            12,
            8,
            25,
            16,
            20,
            11,
            4,
            14,
            23,
            19,
            23,
            11,
            18,
            13,
            14,
            16,
            20
        ],
        [
            13,
            24,
            17,
            14,
            17,
            27,
            20,
            15,
            8,
            17,
            23,
            0,
            17,
            23,
            27,
            18,
            12,
            18,
            18,
            32,
            5,
            20,
            20,
            9,
            2,
            19,
            25,
            27,
            16,
            24,
            11,
            29,
            20
        ],
        [
            17,
            18,
            6,
            15,
            10,
            16,
            26,
            11,
            17,
            22,
            8,
            17,
            0,
            30,
            25,
            1,
            9,
            10,
            25,
            23,
            16,
            14,
            4,
            9,
            17,
            21,
            26,
            17,
            19,
            17,
            11,
            22,
            21
        ],
        [
            13,
            17,
            24,
            15,
            20,
            25,
            4,
            19,
            16,
            8,
            29,
            23,
            30,
            0,
            12,
            29,
            21,
            22,
            6,
            25,
            20,
            19,
            30,
            23,
            25,
            10,
            9,
            25,
            11,
            19,
            20,
            22,
            10
        ],
        [
            14,
            8,
            19,
            14,
            15,
            16,
            11,
            15,
            19,
            11,
            22,
            27,
            25,
            12,
            0,
            25,
            19,
            16,
            12,
            14,
            22,
            12,
            24,
            22,
            27,
            8,
            3,
            15,
            11,
            10,
            18,
            11,
            7
        ],
        [
            17,
            18,
            6,
            14,
            10,
            15,
            26,
            11,
            17,
            21,
            7,
            18,
            1,
            29,
            25,
            0,
            9,
            9,
            24,
            22,
            16,
            13,
            4,
            9,
            17,
            20,
            25,
            16,
            18,
            17,
            11,
            21,
            21
        ],
        [
            9,
            14,
            6,
            7,
            6,
            16,
            18,
            5,
            8,
            13,
            12,
            12,
            9,
            21,
            19,
            9,
            0,
            7,
            16,
            22,
            8,
            9,
            11,
            4,
            12,
            13,
            19,
            17,
            11,
            14,
            2,
            19,
            14
        ],
        [
            11,
            9,
            4,
            8,
            2,
            9,
            18,
            4,
            13,
            14,
            8,
            18,
            10,
            22,
            16,
            9,
            7,
            0,
            17,
            16,
            14,
            5,
            9,
            10,
            18,
            12,
            17,
            10,
            11,
            9,
            8,
            13,
            13
        ],
        [
            8,
            15,
            19,
            10,
            16,
            22,
            2,
            14,
            11,
            4,
            25,
            18,
            25,
            6,
            12,
            24,
            16,
            17,
            0,
            23,
            15,
            15,
            25,
            18,
            20,
            7,
            9,
            22,
            7,
            16,
            14,
            20,
            7
        ],
        [
            22,
            10,
            18,
            20,
            16,
            8,
            23,
            18,
            26,
            21,
            16,
            32,
