{
    "_id_": "t=euclidean+d=7+c=3+n=05+v=3+o=100+r=08",
    "meta": {
        "t": "euclidean",
        "d": 7,
        "c": 3,
        "n": 5,
        "v": 3,
        "o": 100,
        "r": 8
    },
    "num_carriers": 3,
    "max_vehicle_load": 999999999,
    "max_tour_distance": 999999999,
    "max_tour_duration": 999999999,
    "carriers_max_num_tours": 3,
    "requests": [
        0,
        1,
        2,
        3,
        4,
        5,
        6,
        7,
        8,
        9,
        10,
        11,
        12,
        13,
        14
    ],
    "num_requests": 15,
    "num_requests_per_carrier": 5,
    "vertex_x_coords": [
        19.5,
        9.000000000000002,
        8.999999999999996,
        23.906009984365244,
        20.475437769563182,
        18.91592457713692,
        14.084909668802625,
        13.997864203027136,
        3.3798851366241194,
        4.944119221906007,
        15.287265918838644,
        3.1795805518855857,
        5.957517388960709,
        13.256054830139735,
        16.319450113840546,
        24.959938226862693,
        17.31952312974915,
        24.312460491916795
    ],
    "vertex_y_coords": [
        12.5,
        18.562177826491073,
        6.4378221735089305,
        18.30280531194383,
        3.588857801870751,
        0.5968869968932755,
        0.41695902001779583,
        24.43256340917732,
        22.02363158798732,
        16.778616266553776,
        9.034686153757635,
        4.494192906637701,
        24.0326860608991,
        2.157959349881727,
        0.6635593952952795,
        18.173565529938596,
        10.933639782212278,
        21.10316190847846
    ],
    "request_to_carrier_assignment": [
        0,
        0,
        0,
        0,
        0,
        1,
        1,
        1,
        1,
        1,
        2,
        2,
        2,
        2,
        2
    ],
    "request_disclosure_time": [
        "0001-01-01T00:00:00",
        "0001-01-01T06:48:00",
        "0001-01-01T13:36:00",
        "0001-01-01T20:24:00",
        "0001-01-02T03:12:00",
        "0001-01-01T00:00:00",
        "0001-01-01T06:48:00",
        "0001-01-01T13:36:00",
        "0001-01-01T20:24:00",
        "0001-01-02T03:12:00",
        "0001-01-01T00:00:00",
        "0001-01-01T06:48:00",
        "0001-01-01T13:36:00",
        "0001-01-01T20:24:00",
        "0001-01-02T03:12:00"
    ],
    "vertex_revenue": [
        0,
        0,
        0,
        1,
        1,
        1,
        1,
        1,
        1,
        1,
        1,
        1,
        1,
        1,
        1,
        1,
        1,
        1
    ],
    "vertex_load": [
        0,
        0,
        0,
        1,
        1,
        1,
        1,
        1,
        1,
        1,
        1,
        1,
        1,
        1,
        1,
        1,
        1,
        1
    ],
    "vertex_service_duration": [
        0,
        0,
        0,
        240.0,
        240.0,
        240.0,
        240.0,
        240.0,
        240.0,
        240.0,
        240.0,
        240.0,
        240.0,
        240.0,
        240.0,
        240.0,
        240.0,
        240.0
    ],
    "tw_open": [
        "0001-01-02T10:00:00",
        "0001-01-02T10:00:00",
        "0001-01-02T10:00:00",
        "0001-01-02T10:00:00",
        "0001-01-02T10:00:00",
        "0001-01-02T10:00:00",
        "0001-01-02T10:00:00",
        "0001-01-02T10:00:00",
        "0001-01-02T10:00:00",
        "0001-01-02T10:00:00",
        "0001-01-02T10:00:00",
        "0001-01-02T10:00:00",
        "0001-01-02T10:00:00",
        "0001-01-02T10:00:00",
        "0001-01-02T10:00:00",
        "0001-01-02T10:00:00",
        "0001-01-02T10:00:00",
        "0001-01-02T10:00:00"
    ],
    "tw_close": [
        "0001-01-02T18:00:00",
        "0001-01-02T18:00:00",
        "0001-01-02T18:00:00",
        "0001-01-02T18:00:00",
        "0001-01-02T18:00:00",
        "0001-01-02T18:00:00",
        "0001-01-02T18:00:00",
        "0001-01-02T18:00:00",
        "0001-01-02T18:00:00",
        "0001-01-02T18:00:00",
        "0001-01-02T18:00:00",
        "0001-01-02T18:00:00",
        "0001-01-02T18:00:00",
        "0001-01-02T18:00:00",
        "0001-01-02T18:00:00",
        "0001-01-02T18:00:00",
        "0001-01-02T18:00:00",
        "0001-01-02T18:00:00"
    ],
    "_travel_duration_matrix": [
        [
            0.0,
            1455.0,
            1455.0,
            875.0,
            1076.0,
            1431.0,
            1589.0,
            1577.0,
            2247.0,
            1821.0,
            655.0,
            2182.0,
            2135.0,
            1450.0,
            1471.0,
            945.0,
            323.0,
            1183.0
        ],
        [
            1455.0,
            0.0,
            1455.0,
            1789.0,
            2264.0,
            2463.0,
            2262.0,
            926.0,
            793.0,
            532.0,
            1370.0,
            1827.0,
            752.0,
            2034.0,
            2321.0,
            1916.0,
            1355.0,
            1863.0
        ],
        [
            1455.0,
            1455.0,
            0.0,
            2287.0,
            1419.0,
            1382.0,
            946.0,
            2242.0,
            1989.0,
            1333.0,
            817.0,
            737.0,
            2143.0,
            725.0,
            1119.0,
            2378.0,
            1135.0,
            2545.0
        ],
        [
            875.0,
            1789.0,
            2287.0,
            0.0,
            1814.0,
            2208.0,
            2449.0,
            1399.0,
            2504.0,
            2283.0,
            1519.0,
            2989.0,
            2261.0,
            2321.0,
            2305.0,
            128.0,
            1187.0,
            340.0
        ],
        [
            1076.0,
            2264.0,
            1419.0,
            1814.0,
            0.0,
            405.0,
            857.0,
            2620.0,
            3017.0,
            2446.0,
            903.0,
            2079.0,
            3009.0,
            884.0,
            610.0,
            1832.0,
            960.0,
            2152.0
        ],
        [
            1431.0,
            2463.0,
            1382.0,
            2208.0,
            405.0,
            0.0,
            581.0,
            2921.0,
            3176.0,
            2566.0,
            1103.0,
            1946.0,
            3214.0,
            705.0,
            312.0,
            2231.0,
            1256.0,
            2545.0
        ],
        [
            1589.0,
            2262.0,
            946.0,
            2449.0,
            857.0,
            581.0,
            0.0,
            2882.0,
            2894.0,
            2250.0,
            1045.0,
            1398.0,
            2998.0,
            232.0,
            270.0,
            2499.0,
            1321.0,
            2770.0
        ],
        [
            1577.0,
            926.0,
            2242.0,
            1399.0,
            2620.0,
            2921.0,
            2882.0,
            0.0,
            1307.0,
            1423.0,
            1855.0,
            2723.0,
            967.0,
            2675.0,
            2866.0,
            1515.0,
            1669.0,
            1301.0
        ],
        [
            2247.0,
            793.0,
            1989.0,
            2504.0,
            3017.0,
            3176.0,
            2894.0,
            1307.0,
            0.0,
            657.0,
            2115.0,
            2104.0,
            393.0,
            2663.0,
            2997.0,
            2631.0,
            2138.0,
            2515.0
        ],
        [
            1821.0,
            532.0,
            1333.0,
            2283.0,
            2446.0,
            2566.0,
            2250.0,
            1423.0,
            657.0,
            0.0,
            1551.0,
            1490.0,
            879.0,
            2019.0,
            2368.0,
            2408.0,
            1643.0,
            2382.0
        ],
        [
            655.0,
            1370.0,
            817.0,
            1519.0,
            903.0,
            1103.0,
            1045.0,
            1855.0,
            2115.0,
            1551.0,
            0.0,
            1552.0,
            2120.0,
            861.0,
            1013.0,
            1597.0,
            334.0,
            1809.0
        ],
        [
            2182.0,
            1827.0,
            737.0,
            2989.0,
            2079.0,
            1946.0,
            1398.0,
            2723.0,
            2104.0,
            1490.0,
            1552.0,
            0.0,
            2369.0,
            1242.0,
            1643.0,
            3087.0,
            1865.0,
            3226.0
        ],
        [
            2135.0,
            752.0,
            2143.0,
            2261.0,
            3009.0,
            3214.0,
            2998.0,
            967.0,
            393.0,
            879.0,
            2120.0,
            2369.0,
            0.0,
            2768.0,
            3068.0,
            2387.0,
            2081.0,
            2231.0
        ],
        [
            1450.0,
            2034.0,
            725.0,
            2321.0,
            884.0,
            705.0,
            232.0,
            2675.0,
            2663.0,
            2019.0,
            861.0,
            1242.0,
            2768.0,
            0.0,
            410.0,
            2381.0,
            1161.0,
            2633.0
        ],
        [
            1471.0,
            2321.0,
            1119.0,
            2305.0,
            610.0,
            312.0,
            270.0,
            2866.0,
            2997.0,
            2368.0,
            1013.0,
            1643.0,
            3068.0,
            410.0,
            0.0,
            2344.0,
            1239.0,
            2634.0
        ],
        [
            945.0,
            1916.0,
            2378.0,
            128.0,
            1832.0,
            2231.0,
            2499.0,
            1515.0,
            2631.0,
            2408.0,
            1597.0,
            3087.0,
            2387.0,
            2381.0,
            2344.0,
            0.0,
            1264.0,
            361.0
        ],
        [
            323.0,
            1355.0,
            1135.0,
            1187.0,
            960.0,
            1256.0,
            1321.0,
            1669.0,
            2138.0,
            1643.0,
            334.0,
            1865.0,
            2081.0,
            1161.0,
            1239.0,
            1264.0,
            0.0,
            1482.0
        ],
        [
            1183.0,
            1863.0,
            2545.0,
            340.0,
            2152.0,
            2545.0,
            2770.0,
            1301.0,
            2515.0,
            2382.0,
            1809.0,
            3226.0,
            2231.0,
            2633.0,
            2634.0,
            361.0,
            1482.0,
            0.0
        ]
    ],
    "_travel_distance_matrix": [
        [
            0,
            13,
            13,
            8,
            9,
            12,
            14,
            14,
            19,
            16,
            6,
            19,
            18,
            13,
            13,
            8,
            3,
            10
        ],
        [
            13,
            0,
            13,
            15,
            19,
            21,
            19,
            8,
            7,
            5,
            12,
            16,
            7,
            17,
            20,
            16,
            12,
            16
        ],
        [
            13,
            13,
            0,
            20,
            12,
            12,
            8,
            19,
            17,
            12,
            7,
            7,
            18,
            7,
            10,
            20,
            10,
            22
        ],
        [
            8,
            15,
            20,
            0,
            16,
            19,
            21,
            12,
            21,
            20,
            13,
            25,
            19,
            20,
            20,
            2,
            10,
            3
        ],
        [
            9,
            19,
            12,
            16,
            0,
            4,
            8,
            22,
            26,
            21,
            8,
            18,
            26,
            8,
            6,
            16,
            8,
            18
        ],
        [
            12,
            21,
            12,
            19,
            4,
            0,
            5,
            25,
            27,
            22,
            10,
            17,
            27,
            6,
            3,
            19,
            11,
            22
        ],
        [
            14,
            19,
            8,
            21,
            8,
            5,
            0,
            25,
            25,
            19,
            9,
            12,
            25,
            2,
            3,
            21,
            12,
            24
        ],
        [
            14,
            8,
            19,
            12,
            22,
            25,
            25,
            0,
            11,
            12,
            16,
            23,
            9,
            23,
            24,
            13,
            14,
            11
        ],
        [
            19,
            7,
            17,
            21,
            26,
            27,
            25,
            11,
            0,
            6,
            18,
            18,
            4,
            23,
            25,
            22,
            18,
            21
        ],
        [
            16,
            5,
            12,
            20,
            21,
            22,
            19,
            12,
            6,
            0,
            13,
            13,
            8,
            17,
            20,
            21,
            14,
            20
        ],
        [
            6,
            12,
            7,
            13,
            8,
            10,
            9,
            16,
            18,
            13,
            0,
            13,
            18,
            8,
            9,
            14,
            3,
            16
        ],
        [
            19,
            16,
            7,
            25,
            18,
            17,
            12,
            23,
            18,
            13,
            13,
            0,
            20,
            11,
            14,
            26,
            16,
            27
        ],
        [
            18,
            7,
            18,
            19,
            26,
            27,
            25,
            9,
            4,
            8,
            18,
            20,
            0,
            24,
            26,
            20,
            18,
            19
        ],
        [
            13,
            17,
            7,
            20,
            8,
            6,
            2,
            23,
            23,
            17,
            8,
            11,
            24,
            0,
            4,
            20,
            10,
            22
        ],
        [
            13,
            20,
            10,
            20,
            6,
            3,
            3,
            24,
            25,
            20,
            9,
            14,
            26,
            4,
            0,
            20,
            11,
            22
        ],
        [
            8,
            16,
            20,
            2,
            16,
            19,
            21,
            13,
            22,
            21,
            14,
            26,
            20,
            20,
            20,
            0,
            11,
            4
        ],
        [
            3,
            12,
            10,
            10,
            8,
            11,
            12,
            14,
            18,
            14,
            3,
            16,
            18,
            10,
            11,
            11,
            0,
            13
        ],
        [
            10,
            16,
            22,
            3,
            18,
            22,
            24,
            11,
            21,
            20,
            16,
            27,
            19,
            22,
            22,
            4,
            13,
            0
        ]
    ]
}